; FILE:  /home/2-iddf/data12c3/Alix_NWU/mda/2iddf_0012.mda
; Title:  Image#7 (2iddf:mca1.R0) - D7
; Scan # =       12 ,  Detector # =        7 ,   col=       51 ,   row=       51
;            Yvalue:        -1712.03        -1711.53        -1711.03        -1710.53        -1710.03        -1709.53        -1709.03        -1708.53        -1708.03        -1707.53        -1707.03        -1706.53        -1706.03        -1705.53        -1705.03        -1704.53        -1704.03        -1703.53        -1703.03        -1702.53        -1702.03        -1701.53        -1701.03        -1700.53        -1700.03        -1699.53        -1699.03        -1698.53        -1698.03        -1697.53        -1697.03        -1696.53        -1696.03        -1695.53        -1695.03        -1694.53        -1694.03         0.00000         0.00000         0.00000         0.00000         0.00000         0.00000         0.00000         0.00000         0.00000         0.00000         0.00000         0.00000         0.00000         0.00000 
;             Yindex               1               2               3               4               5               6               7               8               9              10              11              12              13              14              15              16              17              18              19              20              21              22              23              24              25              26              27              28              29              30              31              32              33              34              35              36              37              38              39              40              41              42              43              44              45              46              47              48              49              50              51 
; Xindex,    Xvalue,        Image(I,J) Array
   1         1289.55         0.00000         15.0000         20.0000         16.0000         21.0000         20.0000         34.0000         26.0000         33.0000         44.0000         22.0000         50.0000         55.0000         41.0000         42.0000         70.0000         64.0000         68.0000         61.0000         70.0000         67.0000         60.0000         67.0000         65.0000         77.0000         83.0000         79.0000         89.0000         91.0000         87.0000         109.000         102.000         116.000         119.000         102.000         114.000         128.000         0.00000         0.00000         0.00000         0.00000         0.00000         0.00000         0.00000         0.00000         0.00000         0.00000         0.00000         0.00000         0.00000         0.00000  
   2         1290.05         0.00000         12.0000         18.0000         20.0000         28.0000         37.0000         28.0000         33.0000         34.0000         31.0000         45.0000         51.0000         52.0000         49.0000         61.0000         63.0000         55.0000         76.0000         73.0000         77.0000         87.0000         84.0000         93.0000         76.0000         89.0000         75.0000         76.0000         78.0000         99.0000         110.000         98.0000         100.000         99.0000         130.000         119.000         107.000         113.000         0.00000         0.00000         0.00000         0.00000         0.00000         0.00000         0.00000         0.00000         0.00000         0.00000         0.00000         0.00000         0.00000         0.00000  
   3         1290.55         17.0000         34.0000         29.0000         24.0000         33.0000         29.0000         34.0000         38.0000         37.0000         51.0000         59.0000         59.0000         54.0000         62.0000         57.0000         54.0000         90.0000         77.0000         51.0000         62.0000         75.0000         102.000         93.0000         92.0000         76.0000         97.0000         86.0000         79.0000         84.0000         101.000         108.000         106.000         127.000         119.000         133.000         130.000         118.000         0.00000         0.00000         0.00000         0.00000         0.00000         0.00000         0.00000         0.00000         0.00000         0.00000         0.00000         0.00000         0.00000         0.00000  
   4         1291.05         26.0000         36.0000         30.0000         22.0000         28.0000         29.0000         39.0000         39.0000         44.0000         51.0000         60.0000         74.0000         63.0000         72.0000         73.0000         79.0000         83.0000         79.0000         92.0000         99.0000         86.0000         98.0000         106.000         98.0000         91.0000         95.0000         96.0000         100.000         101.000         97.0000         98.0000         106.000         114.000         109.000         126.000         120.000         132.000         0.00000         0.00000         0.00000         0.00000         0.00000         0.00000         0.00000         0.00000         0.00000         0.00000         0.00000         0.00000         0.00000         0.00000  
   5         1291.55         26.0000         22.0000         28.0000         34.0000         41.0000         36.0000         33.0000         48.0000         53.0000         58.0000         68.0000         65.0000         56.0000         73.0000         77.0000         94.0000         104.000         88.0000         94.0000         100.000         101.000         127.000         105.000         106.000         110.000         94.0000         88.0000         93.0000         94.0000         110.000         107.000         121.000         93.0000         117.000         122.000         154.000         114.000         0.00000         0.00000         0.00000         0.00000         0.00000         0.00000         0.00000         0.00000         0.00000         0.00000         0.00000         0.00000         0.00000         0.00000  
   6         1292.05         19.0000         23.0000         27.0000         44.0000         40.0000         51.0000         44.0000         49.0000         56.0000         58.0000         75.0000         67.0000         73.0000         69.0000         100.000         85.0000         93.0000         94.0000         110.000         122.000         98.0000         125.000         122.000         119.000         110.000         121.000         84.0000         128.000         105.000         116.000         94.0000         132.000         120.000         126.000         120.000         121.000         126.000         0.00000         0.00000         0.00000         0.00000         0.00000         0.00000         0.00000         0.00000         0.00000         0.00000         0.00000         0.00000         0.00000         0.00000  
   7         1292.55         33.0000         30.0000         22.0000         30.0000         37.0000         45.0000         41.0000         62.0000         74.0000         65.0000         63.0000         87.0000         91.0000         96.0000         113.000         105.000         115.000         92.0000         109.000         112.000         114.000         121.000         137.000         128.000         121.000         130.000         99.0000         105.000         103.000         124.000         119.000         123.000         119.000         123.000         130.000         140.000         118.000         0.00000         0.00000         0.00000         0.00000         0.00000         0.00000         0.00000         0.00000         0.00000         0.00000         0.00000         0.00000         0.00000         0.00000  
   8         1293.05         34.0000         30.0000         32.0000         28.0000         46.0000         57.0000         68.0000         48.0000         64.0000         78.0000         93.0000         80.0000         77.0000         92.0000         98.0000         108.000         107.000         134.000         109.000         94.0000         117.000         144.000         122.000         137.000         121.000         136.000         113.000         126.000         132.000         135.000         130.000         120.000         143.000         163.000         116.000         141.000         125.000         0.00000         0.00000         0.00000         0.00000         0.00000         0.00000         0.00000         0.00000         0.00000         0.00000         0.00000         0.00000         0.00000         0.00000  
   9         1293.55         23.0000         34.0000         39.0000         39.0000         58.0000         52.0000         75.0000         66.0000         73.0000         80.0000         85.0000         88.0000         90.0000         107.000         111.000         107.000         106.000         120.000         120.000         118.000         126.000         144.000         158.000         138.000         124.000         148.000         142.000         156.000         127.000         140.000         126.000         134.000         134.000         134.000         111.000         139.000         143.000         0.00000         0.00000         0.00000         0.00000         0.00000         0.00000         0.00000         0.00000         0.00000         0.00000         0.00000         0.00000         0.00000         0.00000  
  10         1294.05         19.0000         33.0000         28.0000         39.0000         41.0000         49.0000         63.0000         82.0000         76.0000         91.0000         93.0000         95.0000         103.000         88.0000         100.000         124.000         97.0000         96.0000         126.000         110.000         107.000         127.000         140.000         142.000         113.000         139.000         147.000         135.000         133.000         137.000         148.000         129.000         149.000         136.000         159.000         139.000         116.000         0.00000         0.00000         0.00000         0.00000         0.00000         0.00000         0.00000         0.00000         0.00000         0.00000         0.00000         0.00000         0.00000         0.00000  
  11         1294.55         25.0000         24.0000         22.0000         35.0000         51.0000         51.0000         62.0000         72.0000         82.0000         68.0000         101.000         105.000         114.000         95.0000         101.000         125.000         123.000         119.000         116.000         149.000         144.000         129.000         139.000         139.000         157.000         139.000         150.000         125.000         146.000         121.000         128.000         141.000         139.000         172.000         140.000         143.000         160.000         0.00000         0.00000         0.00000         0.00000         0.00000         0.00000         0.00000         0.00000         0.00000         0.00000         0.00000         0.00000         0.00000         0.00000  
  12         1295.05         26.0000         30.0000         30.0000         34.0000         49.0000         75.0000         69.0000         86.0000         96.0000         85.0000         103.000         132.000         109.000         119.000         108.000         117.000         133.000         121.000         118.000         138.000         128.000         161.000         129.000         121.000         149.000         140.000         160.000         126.000         164.000         129.000         164.000         157.000         132.000         140.000         148.000         141.000         129.000         0.00000         0.00000         0.00000         0.00000         0.00000         0.00000         0.00000         0.00000         0.00000         0.00000         0.00000         0.00000         0.00000         0.00000  
  13         1295.55         33.0000         29.0000         30.0000         36.0000         47.0000         72.0000         74.0000         76.0000         78.0000         91.0000         106.000         135.000         120.000         123.000         120.000         134.000         131.000         116.000         136.000         122.000         140.000         157.000         145.000         135.000         120.000         138.000         132.000         135.000         146.000         152.000         129.000         146.000         154.000         150.000         147.000         172.000         144.000         0.00000         0.00000         0.00000         0.00000         0.00000         0.00000         0.00000         0.00000         0.00000         0.00000         0.00000         0.00000         0.00000         0.00000  
  14         1296.05         16.0000         27.0000         23.0000         44.0000         49.0000         60.0000         78.0000         73.0000         89.0000         104.000         123.000         101.000         119.000         103.000         117.000         132.000         110.000         133.000         129.000         127.000         117.000         155.000         160.000         156.000         163.000         144.000         128.000         156.000         134.000         154.000         126.000         145.000         137.000         162.000         170.000         147.000         152.000         0.00000         0.00000         0.00000         0.00000         0.00000         0.00000         0.00000         0.00000         0.00000         0.00000         0.00000         0.00000         0.00000         0.00000  
  15         1296.55         26.0000         18.0000         22.0000         36.0000         54.0000         62.0000         75.0000         103.000         89.0000         110.000         109.000         125.000         109.000         124.000         117.000         122.000         127.000         122.000         137.000         125.000         141.000         141.000         140.000         160.000         142.000         133.000         176.000         140.000         150.000         151.000         129.000         126.000         145.000         152.000         162.000         158.000         144.000         0.00000         0.00000         0.00000         0.00000         0.00000         0.00000         0.00000         0.00000         0.00000         0.00000         0.00000         0.00000         0.00000         0.00000  
  16         1297.05         21.0000         19.0000         24.0000         50.0000         54.0000         68.0000         71.0000         77.0000         94.0000         109.000         101.000         110.000         106.000         118.000         124.000         127.000         115.000         122.000         139.000         150.000         140.000         138.000         132.000         144.000         152.000         147.000         136.000         130.000         134.000         134.000         143.000         138.000         134.000         188.000         185.000         169.000         131.000         0.00000         0.00000         0.00000         0.00000         0.00000         0.00000         0.00000         0.00000         0.00000         0.00000         0.00000         0.00000         0.00000         0.00000  
  17         1297.55         24.0000         25.0000         29.0000         35.0000         46.0000         67.0000         77.0000         83.0000         73.0000         89.0000         100.000         115.000         131.000         121.000         129.000         102.000         139.000         113.000         142.000         148.000         103.000         134.000         133.000         146.000         162.000         148.000         140.000         143.000         133.000         158.000         170.000         177.000         139.000         125.000         166.000         162.000         140.000         0.00000         0.00000         0.00000         0.00000         0.00000         0.00000         0.00000         0.00000         0.00000         0.00000         0.00000         0.00000         0.00000         0.00000  
  18         1298.05         15.0000         19.0000         29.0000         38.0000         49.0000         57.0000         68.0000         95.0000         71.0000         98.0000         89.0000         128.000         115.000         102.000         125.000         127.000         126.000         113.000         133.000         127.000         108.000         132.000         156.000         146.000         160.000         125.000         136.000         149.000         159.000         151.000         155.000         154.000         155.000         155.000         143.000         144.000         184.000         0.00000         0.00000         0.00000         0.00000         0.00000         0.00000         0.00000         0.00000         0.00000         0.00000         0.00000         0.00000         0.00000         0.00000  
  19         1298.55         18.0000         18.0000         24.0000         37.0000         37.0000         51.0000         71.0000         54.0000         107.000         85.0000         142.000         105.000         115.000         123.000         125.000         142.000         132.000         113.000         109.000         131.000         168.000         134.000         135.000         134.000         153.000         148.000         156.000         168.000         138.000         145.000         157.000         150.000         160.000         187.000         156.000         140.000         155.000         0.00000         0.00000         0.00000         0.00000         0.00000         0.00000         0.00000         0.00000         0.00000         0.00000         0.00000         0.00000         0.00000         0.00000  
  20         1299.05         13.0000         19.0000         20.0000         26.0000         37.0000         61.0000         54.0000         80.0000         77.0000         92.0000         116.000         120.000         95.0000         114.000         118.000         135.000         140.000         135.000         143.000         143.000         130.000         149.000         134.000         130.000         144.000         160.000         150.000         162.000         133.000         154.000         116.000         142.000         147.000         163.000         147.000         178.000         147.000         0.00000         0.00000         0.00000         0.00000         0.00000         0.00000         0.00000         0.00000         0.00000         0.00000         0.00000         0.00000         0.00000         0.00000  
  21         1299.55         19.0000         27.0000         16.0000         32.0000         46.0000         47.0000         73.0000         78.0000         79.0000         76.0000         104.000         110.000         105.000         100.000         102.000         125.000         103.000         112.000         122.000         138.000         107.000         157.000         140.000         142.000         141.000         142.000         129.000         142.000         124.000         150.000         158.000         155.000         165.000         154.000         161.000         157.000         140.000         0.00000         0.00000         0.00000         0.00000         0.00000         0.00000         0.00000         0.00000         0.00000         0.00000         0.00000         0.00000         0.00000         0.00000  
  22         1300.05         19.0000         8.00000         25.0000         15.0000         37.0000         43.0000         54.0000         66.0000         89.0000         82.0000         99.0000         102.000         98.0000         106.000         138.000         111.000         123.000         136.000         129.000         125.000         135.000         143.000         149.000         145.000         141.000         139.000         149.000         140.000         128.000         156.000         128.000         168.000         156.000         165.000         169.000         152.000         166.000         0.00000         0.00000         0.00000         0.00000         0.00000         0.00000         0.00000         0.00000         0.00000         0.00000         0.00000         0.00000         0.00000         0.00000  
  23         1300.55         17.0000         19.0000         15.0000         17.0000         25.0000         52.0000         51.0000         56.0000         69.0000         76.0000         89.0000         118.000         110.000         130.000         111.000         118.000         131.000         127.000         122.000         134.000         132.000         123.000         137.000         126.000         128.000         138.000         144.000         131.000         133.000         144.000         146.000         146.000         165.000         144.000         146.000         152.000         155.000         0.00000         0.00000         0.00000         0.00000         0.00000         0.00000         0.00000         0.00000         0.00000         0.00000         0.00000         0.00000         0.00000         0.00000  
  24         1301.05         15.0000         20.0000         19.0000         15.0000         27.0000         31.0000         58.0000         69.0000         80.0000         92.0000         111.000         87.0000         127.000         93.0000         113.000         113.000         123.000         144.000         119.000         142.000         141.000         120.000         138.000         146.000         147.000         163.000         127.000         150.000         145.000         140.000         142.000         140.000         178.000         154.000         139.000         135.000         127.000         0.00000         0.00000         0.00000         0.00000         0.00000         0.00000         0.00000         0.00000         0.00000         0.00000         0.00000         0.00000         0.00000         0.00000  
  25         1301.55         19.0000         17.0000         20.0000         19.0000         24.0000         37.0000         45.0000         56.0000         72.0000         90.0000         79.0000         114.000         110.000         126.000         140.000         116.000         129.000         128.000         146.000         126.000         145.000         143.000         149.000         147.000         138.000         118.000         148.000         114.000         147.000         128.000         121.000         127.000         153.000         156.000         143.000         152.000         133.000         0.00000         0.00000         0.00000         0.00000         0.00000         0.00000         0.00000         0.00000         0.00000         0.00000         0.00000         0.00000         0.00000         0.00000  
  26         1302.05         12.0000         17.0000         17.0000         18.0000         24.0000         34.0000         50.0000         48.0000         54.0000         93.0000         98.0000         116.000         103.000         110.000         129.000         111.000         104.000         124.000         135.000         152.000         133.000         144.000         128.000         112.000         166.000         141.000         134.000         134.000         119.000         144.000         133.000         125.000         149.000         164.000         153.000         135.000         131.000         0.00000         0.00000         0.00000         0.00000         0.00000         0.00000         0.00000         0.00000         0.00000         0.00000         0.00000         0.00000         0.00000         0.00000  
  27         1302.55         17.0000         17.0000         17.0000         25.0000         17.0000         26.0000         35.0000         38.0000         49.0000         61.0000         80.0000         103.000         85.0000         106.000         114.000         116.000         141.000         113.000         107.000         139.000         124.000         136.000         132.000         124.000         122.000         148.000         146.000         130.000         148.000         161.000         141.000         168.000         147.000         153.000         148.000         135.000         152.000         0.00000         0.00000         0.00000         0.00000         0.00000         0.00000         0.00000         0.00000         0.00000         0.00000         0.00000         0.00000         0.00000         0.00000  
  28         1303.05         20.0000         15.0000         17.0000         16.0000         24.0000         25.0000         26.0000         36.0000         43.0000         57.0000         79.0000         93.0000         103.000         112.000         110.000         130.000         123.000         123.000         115.000         130.000         126.000         129.000         127.000         123.000         114.000         139.000         128.000         147.000         148.000         137.000         148.000         126.000         127.000         129.000         134.000         134.000         121.000         0.00000         0.00000         0.00000         0.00000         0.00000         0.00000         0.00000         0.00000         0.00000         0.00000         0.00000         0.00000         0.00000         0.00000  
  29         1303.55         19.0000         17.0000         17.0000         23.0000         22.0000         13.0000         25.0000         31.0000         44.0000         56.0000         79.0000         77.0000         86.0000         103.000         123.000         106.000         126.000         108.000         142.000         110.000         115.000         111.000         145.000         125.000         129.000         115.000         152.000         155.000         128.000         137.000         170.000         126.000         122.000         149.000         119.000         135.000         113.000         0.00000         0.00000         0.00000         0.00000         0.00000         0.00000         0.00000         0.00000         0.00000         0.00000         0.00000         0.00000         0.00000         0.00000  
  30         1304.05         18.0000         11.0000         16.0000         21.0000         16.0000         24.0000         20.0000         28.0000         38.0000         57.0000         57.0000         65.0000         95.0000         90.0000         117.000         114.000         123.000         118.000         116.000         132.000         131.000         115.000         110.000         97.0000         130.000         139.000         129.000         136.000         134.000         155.000         138.000         125.000         126.000         139.000         112.000         123.000         131.000         0.00000         0.00000         0.00000         0.00000         0.00000         0.00000         0.00000         0.00000         0.00000         0.00000         0.00000         0.00000         0.00000         0.00000  
  31         1304.55         10.0000         17.0000         20.0000         22.0000         14.0000         17.0000         20.0000         11.0000         23.0000         38.0000         47.0000         58.0000         71.0000         70.0000         99.0000         108.000         90.0000         99.0000         125.000         126.000         104.000         105.000         94.0000         110.000         143.000         120.000         132.000         122.000         130.000         119.000         135.000         142.000         124.000         133.000         132.000         124.000         140.000         0.00000         0.00000         0.00000         0.00000         0.00000         0.00000         0.00000         0.00000         0.00000         0.00000         0.00000         0.00000         0.00000         0.00000  
  32         1305.05         27.0000         19.0000         10.0000         24.0000         12.0000         18.0000         23.0000         19.0000         39.0000         25.0000         55.0000         55.0000         61.0000         61.0000         82.0000         109.000         111.000         101.000         93.0000         115.000         110.000         98.0000         115.000         123.000         111.000         109.000         117.000         136.000         121.000         137.000         117.000         150.000         142.000         128.000         139.000         132.000         120.000         0.00000         0.00000         0.00000         0.00000         0.00000         0.00000         0.00000         0.00000         0.00000         0.00000         0.00000         0.00000         0.00000         0.00000  
  33         1305.55         15.0000         10.0000         21.0000         13.0000         18.0000         12.0000         19.0000         23.0000         22.0000         28.0000         38.0000         59.0000         65.0000         64.0000         72.0000         97.0000         84.0000         90.0000         102.000         125.000         123.000         109.000         84.0000         82.0000         107.000         104.000         99.0000         117.000         127.000         151.000         135.000         117.000         143.000         152.000         117.000         124.000         118.000         0.00000         0.00000         0.00000         0.00000         0.00000         0.00000         0.00000         0.00000         0.00000         0.00000         0.00000         0.00000         0.00000         0.00000  
  34         1306.05         16.0000         19.0000         17.0000         11.0000         19.0000         18.0000         17.0000         22.0000         14.0000         22.0000         27.0000         31.0000         53.0000         54.0000         62.0000         76.0000         81.0000         85.0000         89.0000         106.000         97.0000         99.0000         92.0000         88.0000         108.000         106.000         106.000         127.000         118.000         120.000         118.000         112.000         119.000         124.000         130.000         108.000         119.000         0.00000         0.00000         0.00000         0.00000         0.00000         0.00000         0.00000         0.00000         0.00000         0.00000         0.00000         0.00000         0.00000         0.00000  
  35         1306.55         20.0000         7.00000         14.0000         15.0000         14.0000         15.0000         15.0000         22.0000         19.0000         20.0000         25.0000         35.0000         29.0000         54.0000         53.0000         54.0000         68.0000         69.0000         79.0000         86.0000         83.0000         93.0000         79.0000         105.000         112.000         90.0000         100.000         123.000         108.000         117.000         112.000         112.000         123.000         108.000         106.000         140.000         122.000         0.00000         0.00000         0.00000         0.00000         0.00000         0.00000         0.00000         0.00000         0.00000         0.00000         0.00000         0.00000         0.00000         0.00000  
  36         1307.05         16.0000         8.00000         11.0000         17.0000         16.0000         16.0000         16.0000         15.0000         23.0000         17.0000         23.0000         26.0000         33.0000         33.0000         49.0000         43.0000         68.0000         65.0000         74.0000         87.0000         81.0000         70.0000         92.0000         81.0000         76.0000         107.000         91.0000         92.0000         89.0000         93.0000         110.000         93.0000         114.000         94.0000         110.000         113.000         92.0000         0.00000         0.00000         0.00000         0.00000         0.00000         0.00000         0.00000         0.00000         0.00000         0.00000         0.00000         0.00000         0.00000         0.00000  
  37         1307.55         14.0000         16.0000         16.0000         17.0000         12.0000         12.0000         13.0000         16.0000         20.0000         22.0000         22.0000         20.0000         28.0000         28.0000         50.0000         46.0000         49.0000         52.0000         60.0000         90.0000         67.0000         67.0000         75.0000         75.0000         64.0000         93.0000         87.0000         110.000         100.000         89.0000         101.000         84.0000         96.0000         112.000         111.000         107.000         108.000         0.00000         0.00000         0.00000         0.00000         0.00000         0.00000         0.00000         0.00000         0.00000         0.00000         0.00000         0.00000         0.00000         0.00000  
  38         1308.05         14.0000         12.0000         14.0000         17.0000         19.0000         16.0000         18.0000         14.0000         18.0000         17.0000         15.0000         13.0000         18.0000         20.0000         24.0000         39.0000         33.0000         56.0000         69.0000         49.0000         83.0000         68.0000         70.0000         65.0000         82.0000         93.0000         92.0000         66.0000         71.0000         79.0000         77.0000         96.0000         88.0000         98.0000         86.0000         89.0000         105.000         0.00000         0.00000         0.00000         0.00000         0.00000         0.00000         0.00000         0.00000         0.00000         0.00000         0.00000         0.00000         0.00000         0.00000  
  39         1308.55         10.0000         11.0000         10.0000         14.0000         14.0000         20.0000         13.0000         21.0000         10.0000         31.0000         16.0000         18.0000         21.0000         13.0000         26.0000         30.0000         37.0000         49.0000         54.0000         50.0000         62.0000         74.0000         68.0000         59.0000         84.0000         87.0000         67.0000         81.0000         93.0000         81.0000         86.0000         87.0000         86.0000         81.0000         96.0000         110.000         102.000         0.00000         0.00000         0.00000         0.00000         0.00000         0.00000         0.00000         0.00000         0.00000         0.00000         0.00000         0.00000         0.00000         0.00000  
  40         1309.05         15.0000         14.0000         15.0000         13.0000         16.0000         21.0000         17.0000         14.0000         12.0000         22.0000         22.0000         15.0000         17.0000         10.0000         19.0000         30.0000         37.0000         34.0000         49.0000         43.0000         53.0000         55.0000         56.0000         80.0000         69.0000         86.0000         77.0000         78.0000         98.0000         86.0000         86.0000         105.000         74.0000         90.0000         89.0000         74.0000         105.000         0.00000         0.00000         0.00000         0.00000         0.00000         0.00000         0.00000         0.00000         0.00000         0.00000         0.00000         0.00000         0.00000         0.00000  
  41         1309.55         12.0000         16.0000         19.0000         11.0000         25.0000         16.0000         25.0000         14.0000         6.00000         21.0000         26.0000         10.0000         20.0000         10.0000         23.0000         20.0000         31.0000         39.0000         39.0000         41.0000         53.0000         54.0000         60.0000         58.0000         82.0000         81.0000         83.0000         84.0000         72.0000         91.0000         78.0000         68.0000         88.0000         80.0000         77.0000         82.0000         98.0000         0.00000         0.00000         0.00000         0.00000         0.00000         0.00000         0.00000         0.00000         0.00000         0.00000         0.00000         0.00000         0.00000         0.00000  
  42         1310.05         22.0000         16.0000         24.0000         21.0000         21.0000         17.0000         21.0000         12.0000         17.0000         17.0000         12.0000         18.0000         14.0000         13.0000         31.0000         19.0000         11.0000         38.0000         29.0000         40.0000         27.0000         51.0000         53.0000         62.0000         54.0000         79.0000         91.0000         74.0000         96.0000         93.0000         95.0000         86.0000         95.0000         82.0000         74.0000         79.0000         100.000         0.00000         0.00000         0.00000         0.00000         0.00000         0.00000         0.00000         0.00000         0.00000         0.00000         0.00000         0.00000         0.00000         0.00000  
  43         1310.55         19.0000         16.0000         22.0000         15.0000         17.0000         16.0000         19.0000         12.0000         21.0000         13.0000         12.0000         17.0000         18.0000         28.0000         18.0000         22.0000         19.0000         18.0000         27.0000         24.0000         45.0000         37.0000         33.0000         44.0000         55.0000         64.0000         64.0000         69.0000         82.0000         83.0000         77.0000         84.0000         91.0000         105.000         84.0000         105.000         110.000         0.00000         0.00000         0.00000         0.00000         0.00000         0.00000         0.00000         0.00000         0.00000         0.00000         0.00000         0.00000         0.00000         0.00000  
  44         1311.05         16.0000         22.0000         9.00000         21.0000         23.0000         9.00000         14.0000         21.0000         15.0000         12.0000         20.0000         18.0000         18.0000         18.0000         20.0000         18.0000         15.0000         13.0000         22.0000         21.0000         27.0000         30.0000         28.0000         42.0000         42.0000         61.0000         76.0000         75.0000         71.0000         92.0000         93.0000         87.0000         95.0000         90.0000         98.0000         123.000         108.000         0.00000         0.00000         0.00000         0.00000         0.00000         0.00000         0.00000         0.00000         0.00000         0.00000         0.00000         0.00000         0.00000         0.00000  
  45         1311.55         12.0000         14.0000         14.0000         13.0000         8.00000         16.0000         16.0000         21.0000         13.0000         16.0000         17.0000         13.0000         11.0000         18.0000         17.0000         10.0000         18.0000         13.0000         11.0000         25.0000         29.0000         16.0000         24.0000         31.0000         56.0000         57.0000         60.0000         55.0000         88.0000         93.0000         90.0000         97.0000         98.0000         91.0000         88.0000         90.0000         104.000         0.00000         0.00000         0.00000         0.00000         0.00000         0.00000         0.00000         0.00000         0.00000         0.00000         0.00000         0.00000         0.00000         0.00000  
  46         1312.05         17.0000         20.0000         13.0000         12.0000         18.0000         18.0000         19.0000         14.0000         15.0000         20.0000         22.0000         20.0000         16.0000         11.0000         16.0000         14.0000         16.0000         18.0000         24.0000         19.0000         31.0000         19.0000         17.0000         30.0000         31.0000         39.0000         36.0000         69.0000         77.0000         74.0000         81.0000         88.0000         98.0000         84.0000         100.000         115.000         117.000         0.00000         0.00000         0.00000         0.00000         0.00000         0.00000         0.00000         0.00000         0.00000         0.00000         0.00000         0.00000         0.00000         0.00000  
  47         1312.55         19.0000         15.0000         12.0000         23.0000         13.0000         11.0000         17.0000         15.0000         14.0000         16.0000         17.0000         19.0000         13.0000         12.0000         16.0000         14.0000         18.0000         13.0000         14.0000         16.0000         17.0000         19.0000         21.0000         16.0000         31.0000         40.0000         47.0000         48.0000         82.0000         71.0000         74.0000         94.0000         94.0000         103.000         89.0000         112.000         103.000         0.00000         0.00000         0.00000         0.00000         0.00000         0.00000         0.00000         0.00000         0.00000         0.00000         0.00000         0.00000         0.00000         0.00000  
  48         1313.05         19.0000         23.0000         17.0000         16.0000         18.0000         21.0000         15.0000         18.0000         15.0000         15.0000         12.0000         21.0000         17.0000         17.0000         21.0000         18.0000         12.0000         10.0000         16.0000         9.00000         14.0000         13.0000         17.0000         18.0000         18.0000         24.0000         43.0000         50.0000         65.0000         71.0000         77.0000         74.0000         84.0000         81.0000         106.000         109.000         99.0000         0.00000         0.00000         0.00000         0.00000         0.00000         0.00000         0.00000         0.00000         0.00000         0.00000         0.00000         0.00000         0.00000         0.00000  
  49         1313.55         10.0000         18.0000         11.0000         8.00000         22.0000         15.0000         19.0000         18.0000         9.00000         21.0000         17.0000         20.0000         18.0000         9.00000         14.0000         20.0000         16.0000         19.0000         21.0000         27.0000         14.0000         21.0000         12.0000         18.0000         23.0000         20.0000         23.0000         37.0000         43.0000         51.0000         56.0000         73.0000         78.0000         93.0000         112.000         102.000         84.0000         0.00000         0.00000         0.00000         0.00000         0.00000         0.00000         0.00000         0.00000         0.00000         0.00000         0.00000         0.00000         0.00000         0.00000  
  50         1314.05         23.0000         16.0000         29.0000         12.0000         14.0000         17.0000         16.0000         10.0000         16.0000         15.0000         12.0000         16.0000         18.0000         13.0000         11.0000         17.0000         19.0000         21.0000         10.0000         17.0000         20.0000         17.0000         19.0000         17.0000         20.0000         27.0000         23.0000         24.0000         34.0000         53.0000         55.0000         65.0000         76.0000         85.0000         86.0000         117.000         115.000         0.00000         0.00000         0.00000         0.00000         0.00000         0.00000         0.00000         0.00000         0.00000         0.00000         0.00000         0.00000         0.00000         0.00000  
  51         1314.55         17.0000         9.00000         9.00000         19.0000         10.0000         15.0000         14.0000         19.0000         12.0000         12.0000         17.0000         21.0000         14.0000         14.0000         14.0000         22.0000         18.0000         20.0000         19.0000         14.0000         8.00000         17.0000         19.0000         15.0000         21.0000         19.0000         13.0000         19.0000         34.0000         36.0000         44.0000         66.0000         71.0000         75.0000         74.0000         106.000         105.000         0.00000         0.00000         0.00000         0.00000         0.00000         0.00000         0.00000         0.00000         0.00000         0.00000         0.00000         0.00000         0.00000         0.00000  
