; FILE:  /home/2-iddf/data12c3/Alix_NWU/mda/2iddf_0012.mda
; Title:  Image#2 (2idd:scaler1_cts1.C) - D2
; Scan # =       12 ,  Detector # =        2 ,   col=       51 ,   row=       51
;            Yvalue:        -1712.03        -1711.53        -1711.03        -1710.53        -1710.03        -1709.53        -1709.03        -1708.53        -1708.03        -1707.53        -1707.03        -1706.53        -1706.03        -1705.53        -1705.03        -1704.53        -1704.03        -1703.53        -1703.03        -1702.53        -1702.03        -1701.53        -1701.03        -1700.53        -1700.03        -1699.53        -1699.03        -1698.53        -1698.03        -1697.53        -1697.03        -1696.53        -1696.03        -1695.53        -1695.03        -1694.53        -1694.03         0.00000         0.00000         0.00000         0.00000         0.00000         0.00000         0.00000         0.00000         0.00000         0.00000         0.00000         0.00000         0.00000         0.00000 
;             Yindex               1               2               3               4               5               6               7               8               9              10              11              12              13              14              15              16              17              18              19              20              21              22              23              24              25              26              27              28              29              30              31              32              33              34              35              36              37              38              39              40              41              42              43              44              45              46              47              48              49              50              51 
; Xindex,    Xvalue,        Image(I,J) Array
   1         1289.55         132.000         275502.         273040.         273708.         273862.         275326.         274986.         275600.         275734.         275964.         276126.         276522.         274732.         271988.         273440.         274600.         275198.         275666.         274944.         274328.         275386.         276344.         275788.         274136.         274042.         274714.         273308.         273380.         273296.         273726.         274390.         273668.         273946.         277988.         275460.         274100.         273942.         0.00000         0.00000         0.00000         0.00000         0.00000         0.00000         0.00000         0.00000         0.00000         0.00000         0.00000         0.00000         0.00000         0.00000  
   2         1290.05         130.000         275770.         272856.         273526.         274052.         275490.         274806.         275354.         275906.         276258.         275930.         275810.         273114.         271334.         273182.         275356.         275196.         275224.         275250.         274470.         275152.         277134.         275526.         274604.         274178.         274438.         274022.         273016.         272708.         274052.         274376.         273678.         274486.         277496.         275862.         274480.         273858.         0.00000         0.00000         0.00000         0.00000         0.00000         0.00000         0.00000         0.00000         0.00000         0.00000         0.00000         0.00000         0.00000         0.00000  
   3         1290.55         277518.         275334.         272690.         273470.         274794.         275692.         275318.         275434.         276196.         276120.         276356.         276276.         274498.         272034.         273536.         274916.         275122.         275100.         275444.         275006.         275852.         276862.         275476.         274838.         273894.         275178.         273222.         272722.         272950.         273602.         274020.         273576.         274682.         277672.         275550.         274836.         273854.         0.00000         0.00000         0.00000         0.00000         0.00000         0.00000         0.00000         0.00000         0.00000         0.00000         0.00000         0.00000         0.00000         0.00000  
   4         1291.05         277716.         275726.         272790.         273864.         273896.         275702.         274416.         275566.         275060.         276010.         276384.         275636.         274678.         271792.         273664.         275180.         275564.         274898.         275142.         274672.         276112.         277166.         275800.         274482.         274328.         274768.         273698.         272544.         272472.         271670.         274656.         273402.         274204.         277884.         275332.         274610.         273940.         0.00000         0.00000         0.00000         0.00000         0.00000         0.00000         0.00000         0.00000         0.00000         0.00000         0.00000         0.00000         0.00000         0.00000  
   5         1291.55         277202.         275324.         272552.         273544.         274346.         275388.         274724.         274794.         276052.         275908.         276152.         275630.         274604.         271940.         273926.         275144.         275840.         275246.         275336.         274280.         275892.         277084.         275522.         274704.         274024.         275180.         273722.         272702.         272234.         274350.         274338.         273578.         274482.         277658.         274786.         274660.         274436.         0.00000         0.00000         0.00000         0.00000         0.00000         0.00000         0.00000         0.00000         0.00000         0.00000         0.00000         0.00000         0.00000         0.00000  
   6         1292.05         277026.         275210.         272842.         274216.         274772.         275862.         275104.         275114.         275506.         276192.         275992.         275946.         274706.         271830.         273644.         275330.         274680.         275182.         275416.         274646.         275592.         276632.         275830.         274642.         274520.         275436.         273320.         272982.         272406.         274108.         274128.         274304.         274916.         277898.         275914.         274808.         273598.         0.00000         0.00000         0.00000         0.00000         0.00000         0.00000         0.00000         0.00000         0.00000         0.00000         0.00000         0.00000         0.00000         0.00000  
   7         1292.55         277034.         275160.         270506.         273632.         274194.         275328.         274640.         275720.         275356.         276390.         276336.         275706.         273932.         271932.         273396.         274644.         275478.         275160.         275184.         274180.         275840.         276360.         275620.         274420.         274564.         275544.         273030.         272388.         272642.         274100.         274370.         274136.         274900.         277964.         275066.         275078.         273550.         0.00000         0.00000         0.00000         0.00000         0.00000         0.00000         0.00000         0.00000         0.00000         0.00000         0.00000         0.00000         0.00000         0.00000  
   8         1293.05         277086.         275294.         272886.         273530.         274282.         275488.         274500.         275076.         275618.         276414.         276574.         276124.         274390.         271400.         273482.         274382.         275284.         274844.         275366.         274238.         275702.         276762.         275788.         274568.         274432.         275032.         273348.         272506.         272204.         274476.         274170.         273620.         274454.         277430.         274948.         274830.         273714.         0.00000         0.00000         0.00000         0.00000         0.00000         0.00000         0.00000         0.00000         0.00000         0.00000         0.00000         0.00000         0.00000         0.00000  
   9         1293.55         277622.         275508.         273034.         273504.         274386.         275896.         274748.         275064.         275628.         276600.         276432.         275708.         274562.         271306.         273608.         275100.         275020.         274812.         275592.         274090.         275534.         276610.         275598.         274340.         274624.         274874.         273524.         272346.         271934.         273882.         274474.         274096.         274640.         277100.         275558.         275354.         273804.         0.00000         0.00000         0.00000         0.00000         0.00000         0.00000         0.00000         0.00000         0.00000         0.00000         0.00000         0.00000         0.00000         0.00000  
  10         1294.05         276664.         275076.         272698.         273684.         274026.         275230.         275068.         275154.         275276.         276268.         276306.         276200.         274448.         271624.         274526.         274698.         275128.         275004.         275332.         274402.         275528.         276418.         275402.         274200.         274688.         275372.         273086.         273180.         272344.         274348.         274258.         274180.         275124.         277408.         275488.         274966.         273446.         0.00000         0.00000         0.00000         0.00000         0.00000         0.00000         0.00000         0.00000         0.00000         0.00000         0.00000         0.00000         0.00000         0.00000  
  11         1294.55         276552.         274942.         272938.         273248.         274044.         275106.         274786.         275484.         275924.         275916.         276616.         275856.         274548.         271350.         273794.         275094.         274902.         274632.         275328.         274680.         276152.         276590.         275834.         273996.         274388.         274656.         273092.         272808.         272320.         273954.         274442.         274226.         275284.         277272.         275422.         275312.         273588.         0.00000         0.00000         0.00000         0.00000         0.00000         0.00000         0.00000         0.00000         0.00000         0.00000         0.00000         0.00000         0.00000         0.00000  
  12         1295.05         276052.         274576.         273258.         273608.         274634.         275562.         274704.         275008.         276118.         276318.         276298.         275582.         274488.         271694.         274246.         274644.         275086.         274814.         275706.         274108.         275682.         276306.         275974.         274316.         275010.         274806.         273134.         272518.         272248.         274292.         274118.         273634.         275252.         277214.         275516.         275498.         273798.         0.00000         0.00000         0.00000         0.00000         0.00000         0.00000         0.00000         0.00000         0.00000         0.00000         0.00000         0.00000         0.00000         0.00000  
  13         1295.55         276648.         275194.         272614.         273718.         274260.         275368.         275612.         275234.         275394.         276366.         275962.         276170.         274896.         271690.         274312.         274970.         274826.         274768.         274946.         274966.         276374.         276666.         275690.         273870.         275034.         275594.         273180.         272634.         272052.         274488.         273996.         273470.         273394.         277414.         275870.         275008.         273574.         0.00000         0.00000         0.00000         0.00000         0.00000         0.00000         0.00000         0.00000         0.00000         0.00000         0.00000         0.00000         0.00000         0.00000  
  14         1296.05         276252.         274364.         273080.         273672.         274440.         275568.         274964.         275098.         275886.         276834.         276410.         275372.         274028.         272364.         274224.         275144.         275154.         274362.         275268.         275042.         268274.         276528.         275224.         274082.         275274.         275840.         273032.         272642.         272016.         273900.         274644.         273712.         275324.         277370.         275304.         275238.         273492.         0.00000         0.00000         0.00000         0.00000         0.00000         0.00000         0.00000         0.00000         0.00000         0.00000         0.00000         0.00000         0.00000         0.00000  
  15         1296.55         276468.         274522.         273334.         273402.         274460.         275474.         274654.         275356.         275118.         276874.         276338.         275668.         273946.         272640.         274322.         274720.         274920.         274468.         274974.         275084.         275118.         276452.         275020.         274626.         275260.         276118.         272788.         272672.         272142.         274208.         274108.         274158.         275656.         277814.         275622.         275328.         273746.         0.00000         0.00000         0.00000         0.00000         0.00000         0.00000         0.00000         0.00000         0.00000         0.00000         0.00000         0.00000         0.00000         0.00000  
  16         1297.05         275600.         274144.         273238.         273580.         274714.         275544.         275098.         273090.         275246.         276084.         276108.         275706.         274572.         272464.         274616.         275000.         275128.         274306.         274628.         274848.         274542.         276120.         274886.         274334.         275296.         275318.         273146.         272782.         271522.         273964.         274346.         273922.         276098.         277238.         275484.         275576.         273734.         0.00000         0.00000         0.00000         0.00000         0.00000         0.00000         0.00000         0.00000         0.00000         0.00000         0.00000         0.00000         0.00000         0.00000  
  17         1297.55         275742.         274120.         273024.         273320.         274310.         275192.         274482.         275610.         275652.         276402.         276392.         275246.         274186.         272646.         274124.         274760.         274974.         274158.         274880.         274704.         261372.         276750.         275078.         274552.         275614.         275348.         272728.         272878.         271562.         273896.         274322.         273764.         275950.         277688.         275340.         275796.         273462.         0.00000         0.00000         0.00000         0.00000         0.00000         0.00000         0.00000         0.00000         0.00000         0.00000         0.00000         0.00000         0.00000         0.00000  
  18         1298.05         275548.         273974.         272884.         273418.         274260.         275246.         274824.         275652.         275266.         276358.         276006.         275422.         274290.         272216.         274214.         274582.         274514.         274200.         275294.         274874.         273738.         276298.         275474.         274416.         275418.         275806.         272566.         272956.         271588.         273770.         274486.         273850.         276656.         277640.         275006.         275826.         273936.         0.00000         0.00000         0.00000         0.00000         0.00000         0.00000         0.00000         0.00000         0.00000         0.00000         0.00000         0.00000         0.00000         0.00000  
  19         1298.55         275680.         274074.         272880.         273710.         274358.         275226.         275026.         275696.         275164.         276498.         276202.         275716.         274128.         272696.         274610.         275364.         275128.         274524.         275128.         274792.         275700.         276444.         275138.         274726.         275494.         275686.         272912.         273166.         272040.         273862.         274684.         273752.         276322.         277396.         275394.         275436.         273544.         0.00000         0.00000         0.00000         0.00000         0.00000         0.00000         0.00000         0.00000         0.00000         0.00000         0.00000         0.00000         0.00000         0.00000  
  20         1299.05         275752.         273614.         273174.         273810.         274032.         272930.         275296.         275954.         275154.         276038.         276176.         275512.         274092.         272636.         274626.         274542.         275578.         274514.         274902.         274894.         275510.         275072.         275684.         274786.         275660.         275612.         272528.         273180.         271940.         273662.         274704.         273792.         276362.         277320.         275586.         275646.         274192.         0.00000         0.00000         0.00000         0.00000         0.00000         0.00000         0.00000         0.00000         0.00000         0.00000         0.00000         0.00000         0.00000         0.00000  
  21         1299.55         276016.         273998.         273326.         273902.         274198.         275660.         274798.         275806.         275344.         276322.         276612.         276042.         274190.         272680.         274760.         274548.         275160.         274580.         274918.         274948.         275938.         276042.         275036.         274410.         276164.         275686.         272816.         273498.         272326.         274290.         274954.         273628.         275990.         277042.         275534.         275426.         273620.         0.00000         0.00000         0.00000         0.00000         0.00000         0.00000         0.00000         0.00000         0.00000         0.00000         0.00000         0.00000         0.00000         0.00000  
  22         1300.05         275936.         273966.         273300.         273960.         274620.         275746.         274938.         275908.         275282.         276400.         275786.         276094.         274042.         272330.         274600.         274872.         274396.         274402.         274862.         274826.         276122.         276106.         275066.         274378.         275322.         275226.         273312.         273192.         272152.         274684.         274730.         273986.         276192.         276880.         275458.         275406.         273544.         0.00000         0.00000         0.00000         0.00000         0.00000         0.00000         0.00000         0.00000         0.00000         0.00000         0.00000         0.00000         0.00000         0.00000  
  23         1300.55         275862.         273942.         273182.         273946.         274526.         275928.         275548.         275786.         275180.         276170.         275780.         276110.         273616.         272104.         274702.         274738.         274828.         274644.         275092.         275058.         276532.         274544.         274928.         274056.         275272.         275464.         273198.         273078.         269072.         274146.         274608.         273734.         276044.         277102.         275550.         275198.         273922.         0.00000         0.00000         0.00000         0.00000         0.00000         0.00000         0.00000         0.00000         0.00000         0.00000         0.00000         0.00000         0.00000         0.00000  
  24         1301.05         275206.         273180.         273528.         274046.         274364.         275626.         274792.         276262.         275634.         276154.         275924.         276562.         274210.         272158.         274842.         274848.         275488.         274228.         274966.         275174.         275752.         275832.         274302.         274054.         275406.         275466.         272888.         273256.         272532.         274154.         274692.         273736.         275810.         277090.         275236.         275288.         273698.         0.00000         0.00000         0.00000         0.00000         0.00000         0.00000         0.00000         0.00000         0.00000         0.00000         0.00000         0.00000         0.00000         0.00000  
  25         1301.55         274596.         273622.         273412.         273574.         274658.         275390.         274478.         276092.         275142.         276372.         276448.         276808.         274250.         271846.         274782.         274450.         274810.         274580.         274800.         275446.         276030.         274374.         274990.         274578.         275170.         275306.         272594.         273882.         272180.         274098.         274382.         273724.         276442.         276976.         275396.         275562.         273576.         0.00000         0.00000         0.00000         0.00000         0.00000         0.00000         0.00000         0.00000         0.00000         0.00000         0.00000         0.00000         0.00000         0.00000  
  26         1302.05         274908.         273294.         272902.         273534.         274806.         275738.         275288.         275604.         275244.         276104.         276316.         276050.         273914.         272450.         275096.         274764.         275154.         273964.         274930.         275630.         276366.         276126.         275176.         274468.         275322.         275202.         272010.         273488.         272218.         274582.         274620.         273942.         276372.         276896.         275614.         275534.         273398.         0.00000         0.00000         0.00000         0.00000         0.00000         0.00000         0.00000         0.00000         0.00000         0.00000         0.00000         0.00000         0.00000         0.00000  
  27         1302.55         275270.         271426.         273428.         273910.         275152.         276154.         275370.         275882.         275498.         275762.         275484.         276136.         273684.         272532.         274864.         274650.         275006.         274816.         275244.         275118.         276144.         276216.         275104.         274212.         275008.         275064.         270030.         273422.         272260.         274476.         274744.         274168.         276370.         277164.         275588.         275562.         273434.         0.00000         0.00000         0.00000         0.00000         0.00000         0.00000         0.00000         0.00000         0.00000         0.00000         0.00000         0.00000         0.00000         0.00000  
  28         1303.05         275262.         273208.         273454.         273968.         274460.         275552.         274956.         276312.         274946.         275860.         276430.         276074.         273900.         272204.         274846.         274564.         275130.         274690.         274442.         274992.         275808.         266934.         274336.         274474.         275546.         275158.         272914.         273186.         273146.         274612.         274680.         274104.         276394.         276868.         275478.         275128.         274030.         0.00000         0.00000         0.00000         0.00000         0.00000         0.00000         0.00000         0.00000         0.00000         0.00000         0.00000         0.00000         0.00000         0.00000  
  29         1303.55         274814.         273486.         273426.         273550.         275000.         275346.         274908.         275924.         275358.         276460.         276520.         276318.         273392.         272266.         275324.         274800.         275508.         275014.         274722.         275456.         275610.         268222.         274788.         274246.         275430.         274712.         273074.         273736.         272614.         274348.         274526.         273976.         276624.         276848.         275762.         275114.         274284.         0.00000         0.00000         0.00000         0.00000         0.00000         0.00000         0.00000         0.00000         0.00000         0.00000         0.00000         0.00000         0.00000         0.00000  
  30         1304.05         275196.         273346.         273228.         273388.         274818.         275422.         274516.         275634.         275336.         276490.         276512.         275488.         273600.         272374.         275538.         275032.         275268.         275106.         275072.         274944.         275980.         275886.         275070.         274424.         275754.         274036.         272616.         273608.         272968.         274464.         274900.         273366.         276318.         277066.         275502.         274608.         274178.         0.00000         0.00000         0.00000         0.00000         0.00000         0.00000         0.00000         0.00000         0.00000         0.00000         0.00000         0.00000         0.00000         0.00000  
  31         1304.55         275100.         273390.         273754.         274118.         274890.         275544.         274760.         275562.         275374.         276340.         276254.         275384.         273622.         272346.         275530.         274278.         275498.         274888.         274872.         275132.         275928.         275796.         275104.         274494.         275764.         274294.         272758.         273372.         272646.         274784.         274432.         273932.         276430.         277136.         275424.         275276.         274042.         0.00000         0.00000         0.00000         0.00000         0.00000         0.00000         0.00000         0.00000         0.00000         0.00000         0.00000         0.00000         0.00000         0.00000  
  32         1305.05         274822.         273498.         273800.         274236.         274704.         275444.         274836.         276082.         275142.         276586.         276310.         275360.         273470.         272392.         275368.         273992.         275604.         274922.         274928.         275136.         275884.         264656.         274914.         274210.         274132.         274062.         272444.         273352.         273172.         274352.         274664.         274358.         276822.         276970.         275570.         275212.         273860.         0.00000         0.00000         0.00000         0.00000         0.00000         0.00000         0.00000         0.00000         0.00000         0.00000         0.00000         0.00000         0.00000         0.00000  
  33         1305.55         274966.         273496.         273852.         274096.         275260.         275540.         275038.         275196.         275288.         275962.         276780.         275518.         273258.         272348.         275388.         273332.         275266.         274692.         274642.         274774.         275720.         276262.         274534.         274102.         275878.         274740.         272830.         273238.         273494.         274190.         274902.         273928.         276486.         277226.         275216.         274638.         274062.         0.00000         0.00000         0.00000         0.00000         0.00000         0.00000         0.00000         0.00000         0.00000         0.00000         0.00000         0.00000         0.00000         0.00000  
  34         1306.05         274980.         272960.         273624.         273730.         274900.         275642.         274988.         275672.         275666.         276462.         276198.         275220.         272810.         272300.         275914.         274386.         275436.         274952.         274556.         274746.         275914.         276438.         275030.         274510.         275760.         274690.         272824.         273596.         273068.         273788.         275214.         273896.         276912.         277076.         275796.         274710.         274270.         0.00000         0.00000         0.00000         0.00000         0.00000         0.00000         0.00000         0.00000         0.00000         0.00000         0.00000         0.00000         0.00000         0.00000  
  35         1306.55         274876.         273494.         273484.         274100.         274902.         275024.         274970.         275730.         275144.         276528.         276724.         274684.         273034.         272662.         275566.         273992.         275622.         274852.         274534.         274698.         275784.         276092.         274474.         274202.         275836.         274558.         272958.         273568.         273020.         274324.         275146.         274164.         276346.         276830.         275572.         274934.         274618.         0.00000         0.00000         0.00000         0.00000         0.00000         0.00000         0.00000         0.00000         0.00000         0.00000         0.00000         0.00000         0.00000         0.00000  
  36         1307.05         275096.         273620.         273592.         273758.         274880.         275270.         274766.         275816.         274790.         276606.         276312.         275084.         273106.         272682.         275438.         274220.         275194.         274280.         274666.         274662.         276172.         276262.         274702.         274584.         275920.         273986.         273300.         273550.         273068.         273842.         275144.         274014.         276820.         276420.         275194.         274790.         274098.         0.00000         0.00000         0.00000         0.00000         0.00000         0.00000         0.00000         0.00000         0.00000         0.00000         0.00000         0.00000         0.00000         0.00000  
  37         1307.55         275324.         273248.         273626.         273816.         275006.         275678.         275032.         275084.         275494.         276030.         276556.         274602.         272872.         272536.         275312.         274328.         275040.         275286.         275276.         274474.         276350.         276384.         274836.         274352.         276248.         274410.         273154.         273726.         273722.         274190.         274686.         274018.         276466.         276470.         275162.         275266.         274232.         0.00000         0.00000         0.00000         0.00000         0.00000         0.00000         0.00000         0.00000         0.00000         0.00000         0.00000         0.00000         0.00000         0.00000  
  38         1308.05         274978.         273188.         273832.         273592.         274950.         275322.         274984.         275028.         275112.         275910.         276542.         274738.         273178.         270736.         275788.         274224.         275228.         275484.         274610.         274844.         276356.         276262.         274812.         274332.         275488.         274294.         272998.         273688.         273568.         271990.         274456.         274234.         276112.         276572.         275096.         274664.         274620.         0.00000         0.00000         0.00000         0.00000         0.00000         0.00000         0.00000         0.00000         0.00000         0.00000         0.00000         0.00000         0.00000         0.00000  
  39         1308.55         274938.         273510.         273454.         274082.         275178.         275524.         276008.         275470.         275144.         276698.         276470.         274884.         273056.         272646.         275094.         273694.         275190.         275162.         274716.         274614.         275814.         276394.         274678.         274248.         275618.         274034.         273158.         273088.         273240.         274908.         274604.         273868.         276638.         276400.         275504.         274532.         274870.         0.00000         0.00000         0.00000         0.00000         0.00000         0.00000         0.00000         0.00000         0.00000         0.00000         0.00000         0.00000         0.00000         0.00000  
  40         1309.05         274920.         273778.         273398.         273940.         275132.         275468.         275494.         275550.         274904.         276520.         276674.         274200.         272622.         273064.         275570.         274078.         274646.         275456.         274156.         274718.         275850.         276246.         275142.         274568.         275694.         274018.         272996.         273762.         273626.         274564.         274524.         273960.         276514.         276842.         275418.         274188.         274426.         0.00000         0.00000         0.00000         0.00000         0.00000         0.00000         0.00000         0.00000         0.00000         0.00000         0.00000         0.00000         0.00000         0.00000  
  41         1309.55         274958.         273616.         273426.         273442.         275312.         275228.         275710.         275452.         275232.         275926.         276138.         274732.         272770.         270172.         275244.         274194.         275318.         275322.         274496.         275060.         275576.         275920.         275272.         274038.         276280.         273944.         273340.         273764.         273590.         274626.         273866.         274050.         276600.         276878.         275060.         274596.         274944.         0.00000         0.00000         0.00000         0.00000         0.00000         0.00000         0.00000         0.00000         0.00000         0.00000         0.00000         0.00000         0.00000         0.00000  
  42         1310.05         275008.         273500.         273142.         273802.         275480.         275350.         275908.         275256.         275416.         276022.         276598.         274480.         273160.         272742.         275590.         274378.         275140.         275600.         274062.         275128.         276004.         275750.         274886.         273872.         274914.         273748.         272606.         273050.         273332.         274364.         274622.         273688.         276958.         276424.         275104.         274278.         275032.         0.00000         0.00000         0.00000         0.00000         0.00000         0.00000         0.00000         0.00000         0.00000         0.00000         0.00000         0.00000         0.00000         0.00000  
  43         1310.55         275470.         273220.         273322.         273692.         275260.         275404.         275710.         274990.         275200.         276238.         276782.         274726.         272466.         270056.         274982.         274678.         274790.         275412.         272356.         275098.         276686.         276116.         274990.         274062.         274876.         273602.         273372.         273498.         273224.         274748.         274558.         273888.         277122.         276532.         275324.         274530.         275006.         0.00000         0.00000         0.00000         0.00000         0.00000         0.00000         0.00000         0.00000         0.00000         0.00000         0.00000         0.00000         0.00000         0.00000  
  44         1311.05         274974.         273656.         273092.         274214.         275444.         275378.         275458.         275276.         275214.         275962.         276210.         274966.         272906.         272908.         275874.         274440.         275464.         275562.         274540.         274776.         276168.         275964.         266148.         274230.         275120.         274008.         273056.         273218.         273676.         274464.         274458.         274170.         276796.         275596.         274830.         274904.         275346.         0.00000         0.00000         0.00000         0.00000         0.00000         0.00000         0.00000         0.00000         0.00000         0.00000         0.00000         0.00000         0.00000         0.00000  
  45         1311.55         275362.         273106.         273294.         274062.         275256.         275120.         275356.         275602.         275722.         276570.         276566.         274396.         272740.         270996.         275546.         274968.         274840.         275810.         274286.         275084.         275914.         275724.         274762.         273930.         275146.         274032.         272836.         273272.         273512.         274676.         274090.         274472.         276958.         276058.         274856.         274076.         274670.         0.00000         0.00000         0.00000         0.00000         0.00000         0.00000         0.00000         0.00000         0.00000         0.00000         0.00000         0.00000         0.00000         0.00000  
  46         1312.05         275428.         273428.         273388.         273938.         275174.         275188.         275012.         274890.         275470.         276702.         276688.         274616.         272194.         273414.         275222.         274786.         275488.         275732.         274434.         275108.         276056.         275636.         273990.         274154.         275406.         271544.         273144.         273442.         273766.         274520.         274132.         274132.         277106.         276306.         274760.         274036.         274526.         0.00000         0.00000         0.00000         0.00000         0.00000         0.00000         0.00000         0.00000         0.00000         0.00000         0.00000         0.00000         0.00000         0.00000  
  47         1312.55         275532.         273474.         273260.         274104.         274820.         275428.         275316.         275376.         275904.         276244.         276102.         274652.         272524.         272814.         275118.         274680.         275452.         275314.         274814.         275158.         276942.         275532.         274922.         273920.         275466.         273894.         273402.         273600.         273226.         274720.         274378.         274352.         277536.         276038.         274364.         274534.         274708.         0.00000         0.00000         0.00000         0.00000         0.00000         0.00000         0.00000         0.00000         0.00000         0.00000         0.00000         0.00000         0.00000         0.00000  
  48         1313.05         275306.         273264.         273150.         273626.         274724.         275198.         275730.         275604.         275342.         276238.         276584.         273700.         272408.         273600.         274604.         274730.         275688.         275742.         274350.         274750.         276192.         275654.         262260.         274500.         274970.         274024.         273376.         273088.         273526.         274428.         274396.         274272.         277404.         275960.         274420.         273742.         274668.         0.00000         0.00000         0.00000         0.00000         0.00000         0.00000         0.00000         0.00000         0.00000         0.00000         0.00000         0.00000         0.00000         0.00000  
  49         1313.55         275104.         273390.         273266.         274258.         275126.         274940.         275318.         274618.         275496.         276514.         276330.         274914.         271866.         251046.         274454.         274692.         275538.         274942.         274116.         275096.         276268.         275854.         274862.         274392.         274724.         274176.         273248.         273374.         273570.         274600.         274302.         274404.         277808.         276356.         274380.         274146.         274866.         0.00000         0.00000         0.00000         0.00000         0.00000         0.00000         0.00000         0.00000         0.00000         0.00000         0.00000         0.00000         0.00000         0.00000  
  50         1314.05         275290.         273392.         273780.         274180.         275432.         275238.         275600.         276364.         275642.         276298.         276480.         274714.         271762.         273796.         274922.         275394.         275076.         275788.         274356.         275008.         276218.         275738.         275020.         274370.         274704.         273586.         273398.         273472.         273282.         274558.         274258.         274214.         277716.         276126.         274478.         273890.         274974.         0.00000         0.00000         0.00000         0.00000         0.00000         0.00000         0.00000         0.00000         0.00000         0.00000         0.00000         0.00000         0.00000         0.00000  
  51         1314.55         275208.         273494.         273658.         274606.         275224.         275288.         275988.         275946.         276044.         276142.         275944.         274454.         272100.         273548.         275028.         274950.         275402.         275410.         274506.         274804.         276778.         275496.         274752.         274250.         274920.         273912.         273016.         273146.         273926.         274264.         273988.         273986.         278010.         275400.         274708.         274712.         275052.         0.00000         0.00000         0.00000         0.00000         0.00000         0.00000         0.00000         0.00000         0.00000         0.00000         0.00000         0.00000         0.00000         0.00000  
