; FILE:  /home/2-iddf/data12c3/Alix_NWU/mda/2iddf_0012.mda
; Title:  Image#10 (2iddf:mca1.R3) - DA
; Scan # =       12 ,  Detector # =       10 ,   col=       51 ,   row=       51
;            Yvalue:        -1712.03        -1711.53        -1711.03        -1710.53        -1710.03        -1709.53        -1709.03        -1708.53        -1708.03        -1707.53        -1707.03        -1706.53        -1706.03        -1705.53        -1705.03        -1704.53        -1704.03        -1703.53        -1703.03        -1702.53        -1702.03        -1701.53        -1701.03        -1700.53        -1700.03        -1699.53        -1699.03        -1698.53        -1698.03        -1697.53        -1697.03        -1696.53        -1696.03        -1695.53        -1695.03        -1694.53        -1694.03         0.00000         0.00000         0.00000         0.00000         0.00000         0.00000         0.00000         0.00000         0.00000         0.00000         0.00000         0.00000         0.00000         0.00000 
;             Yindex               1               2               3               4               5               6               7               8               9              10              11              12              13              14              15              16              17              18              19              20              21              22              23              24              25              26              27              28              29              30              31              32              33              34              35              36              37              38              39              40              41              42              43              44              45              46              47              48              49              50              51 
; Xindex,    Xvalue,        Image(I,J) Array
   1         1289.55         0.00000         3.00000         5.00000         5.00000         1.00000         2.00000         1.00000         4.00000         6.00000         5.00000         4.00000         5.00000         5.00000         4.00000         8.00000         5.00000         14.0000         7.00000         19.0000         8.00000         9.00000         6.00000         10.0000         9.00000         9.00000         9.00000         7.00000         19.0000         11.0000         16.0000         11.0000         14.0000         11.0000         22.0000         20.0000         18.0000         15.0000         0.00000         0.00000         0.00000         0.00000         0.00000         0.00000         0.00000         0.00000         0.00000         0.00000         0.00000         0.00000         0.00000         0.00000  
   2         1290.05         0.00000         2.00000         6.00000         2.00000         3.00000         4.00000         6.00000         4.00000         8.00000         8.00000         2.00000         7.00000         8.00000         6.00000         8.00000         4.00000         12.0000         7.00000         6.00000         6.00000         12.0000         8.00000         12.0000         11.0000         8.00000         14.0000         10.0000         18.0000         15.0000         11.0000         11.0000         18.0000         16.0000         18.0000         20.0000         14.0000         18.0000         0.00000         0.00000         0.00000         0.00000         0.00000         0.00000         0.00000         0.00000         0.00000         0.00000         0.00000         0.00000         0.00000         0.00000  
   3         1290.55         0.00000         3.00000         5.00000         5.00000         4.00000         3.00000         2.00000         3.00000         5.00000         1.00000         5.00000         5.00000         2.00000         5.00000         5.00000         6.00000         9.00000         15.0000         13.0000         11.0000         10.0000         12.0000         8.00000         6.00000         12.0000         8.00000         13.0000         14.0000         7.00000         13.0000         14.0000         13.0000         19.0000         18.0000         20.0000         19.0000         12.0000         0.00000         0.00000         0.00000         0.00000         0.00000         0.00000         0.00000         0.00000         0.00000         0.00000         0.00000         0.00000         0.00000         0.00000  
   4         1291.05         4.00000         4.00000         3.00000         2.00000         2.00000         4.00000         5.00000         4.00000         7.00000         6.00000         8.00000         7.00000         2.00000         10.0000         10.0000         12.0000         5.00000         17.0000         6.00000         9.00000         8.00000         10.0000         14.0000         12.0000         18.0000         8.00000         7.00000         17.0000         18.0000         11.0000         14.0000         15.0000         17.0000         24.0000         16.0000         16.0000         9.00000         0.00000         0.00000         0.00000         0.00000         0.00000         0.00000         0.00000         0.00000         0.00000         0.00000         0.00000         0.00000         0.00000         0.00000  
   5         1291.55         3.00000         5.00000         2.00000         8.00000         5.00000         8.00000         5.00000         5.00000         5.00000         8.00000         8.00000         5.00000         7.00000         6.00000         11.0000         8.00000         14.0000         5.00000         12.0000         11.0000         8.00000         18.0000         14.0000         13.0000         15.0000         15.0000         19.0000         17.0000         22.0000         15.0000         11.0000         15.0000         19.0000         21.0000         17.0000         23.0000         20.0000         0.00000         0.00000         0.00000         0.00000         0.00000         0.00000         0.00000         0.00000         0.00000         0.00000         0.00000         0.00000         0.00000         0.00000  
   6         1292.05         1.00000         1.00000         4.00000         2.00000         2.00000         10.0000         3.00000         6.00000         10.0000         9.00000         8.00000         1.00000         9.00000         8.00000         9.00000         8.00000         8.00000         13.0000         16.0000         15.0000         12.0000         15.0000         13.0000         11.0000         18.0000         18.0000         21.0000         21.0000         13.0000         12.0000         17.0000         12.0000         20.0000         22.0000         18.0000         12.0000         22.0000         0.00000         0.00000         0.00000         0.00000         0.00000         0.00000         0.00000         0.00000         0.00000         0.00000         0.00000         0.00000         0.00000         0.00000  
   7         1292.55         3.00000         5.00000         2.00000         4.00000         6.00000         4.00000         3.00000         7.00000         8.00000         8.00000         7.00000         8.00000         13.0000         12.0000         12.0000         18.0000         12.0000         17.0000         9.00000         18.0000         11.0000         22.0000         27.0000         16.0000         18.0000         15.0000         13.0000         21.0000         15.0000         15.0000         19.0000         12.0000         10.0000         21.0000         20.0000         23.0000         21.0000         0.00000         0.00000         0.00000         0.00000         0.00000         0.00000         0.00000         0.00000         0.00000         0.00000         0.00000         0.00000         0.00000         0.00000  
   8         1293.05         1.00000         2.00000         1.00000         4.00000         6.00000         2.00000         3.00000         5.00000         8.00000         13.0000         5.00000         12.0000         3.00000         3.00000         9.00000         11.0000         14.0000         11.0000         8.00000         16.0000         15.0000         16.0000         16.0000         17.0000         16.0000         21.0000         19.0000         19.0000         12.0000         12.0000         21.0000         15.0000         17.0000         21.0000         23.0000         25.0000         16.0000         0.00000         0.00000         0.00000         0.00000         0.00000         0.00000         0.00000         0.00000         0.00000         0.00000         0.00000         0.00000         0.00000         0.00000  
   9         1293.55         1.00000         2.00000         4.00000         4.00000         3.00000         2.00000         7.00000         10.0000         10.0000         4.00000         8.00000         6.00000         12.0000         10.0000         9.00000         12.0000         12.0000         13.0000         15.0000         15.0000         18.0000         15.0000         18.0000         17.0000         17.0000         16.0000         22.0000         21.0000         16.0000         10.0000         19.0000         16.0000         20.0000         20.0000         19.0000         23.0000         16.0000         0.00000         0.00000         0.00000         0.00000         0.00000         0.00000         0.00000         0.00000         0.00000         0.00000         0.00000         0.00000         0.00000         0.00000  
  10         1294.05         2.00000         2.00000         3.00000         5.00000         5.00000         5.00000         6.00000         6.00000         6.00000         14.0000         7.00000         6.00000         9.00000         9.00000         16.0000         11.0000         13.0000         14.0000         24.0000         23.0000         15.0000         22.0000         23.0000         7.00000         19.0000         19.0000         16.0000         16.0000         14.0000         24.0000         21.0000         23.0000         21.0000         32.0000         20.0000         24.0000         26.0000         0.00000         0.00000         0.00000         0.00000         0.00000         0.00000         0.00000         0.00000         0.00000         0.00000         0.00000         0.00000         0.00000         0.00000  
  11         1294.55         6.00000         3.00000         0.00000         4.00000         4.00000         2.00000         7.00000         6.00000         12.0000         9.00000         7.00000         14.0000         12.0000         12.0000         11.0000         13.0000         20.0000         16.0000         17.0000         16.0000         23.0000         21.0000         20.0000         19.0000         18.0000         25.0000         14.0000         18.0000         17.0000         21.0000         27.0000         16.0000         21.0000         27.0000         20.0000         27.0000         25.0000         0.00000         0.00000         0.00000         0.00000         0.00000         0.00000         0.00000         0.00000         0.00000         0.00000         0.00000         0.00000         0.00000         0.00000  
  12         1295.05         3.00000         3.00000         6.00000         3.00000         8.00000         3.00000         13.0000         11.0000         6.00000         18.0000         9.00000         16.0000         9.00000         15.0000         15.0000         16.0000         10.0000         19.0000         20.0000         11.0000         16.0000         21.0000         20.0000         17.0000         21.0000         17.0000         27.0000         14.0000         18.0000         22.0000         20.0000         23.0000         14.0000         24.0000         23.0000         20.0000         35.0000         0.00000         0.00000         0.00000         0.00000         0.00000         0.00000         0.00000         0.00000         0.00000         0.00000         0.00000         0.00000         0.00000         0.00000  
  13         1295.55         2.00000         1.00000         2.00000         5.00000         2.00000         8.00000         9.00000         7.00000         6.00000         9.00000         12.0000         13.0000         22.0000         12.0000         8.00000         17.0000         21.0000         14.0000         19.0000         18.0000         22.0000         17.0000         22.0000         16.0000         21.0000         22.0000         35.0000         18.0000         22.0000         27.0000         20.0000         18.0000         26.0000         31.0000         21.0000         31.0000         29.0000         0.00000         0.00000         0.00000         0.00000         0.00000         0.00000         0.00000         0.00000         0.00000         0.00000         0.00000         0.00000         0.00000         0.00000  
  14         1296.05         2.00000         5.00000         1.00000         3.00000         6.00000         5.00000         8.00000         3.00000         4.00000         13.0000         11.0000         9.00000         14.0000         13.0000         17.0000         16.0000         21.0000         14.0000         19.0000         22.0000         13.0000         20.0000         22.0000         20.0000         14.0000         27.0000         23.0000         23.0000         24.0000         20.0000         20.0000         30.0000         17.0000         32.0000         27.0000         26.0000         28.0000         0.00000         0.00000         0.00000         0.00000         0.00000         0.00000         0.00000         0.00000         0.00000         0.00000         0.00000         0.00000         0.00000         0.00000  
  15         1296.55         4.00000         4.00000         0.00000         4.00000         5.00000         4.00000         8.00000         5.00000         8.00000         10.0000         13.0000         13.0000         14.0000         6.00000         17.0000         14.0000         15.0000         10.0000         20.0000         17.0000         18.0000         13.0000         26.0000         12.0000         14.0000         23.0000         19.0000         14.0000         20.0000         22.0000         20.0000         15.0000         21.0000         20.0000         21.0000         28.0000         28.0000         0.00000         0.00000         0.00000         0.00000         0.00000         0.00000         0.00000         0.00000         0.00000         0.00000         0.00000         0.00000         0.00000         0.00000  
  16         1297.05         2.00000         2.00000         2.00000         2.00000         8.00000         4.00000         9.00000         5.00000         13.0000         12.0000         14.0000         11.0000         11.0000         11.0000         17.0000         20.0000         14.0000         20.0000         19.0000         18.0000         20.0000         22.0000         22.0000         24.0000         28.0000         27.0000         19.0000         18.0000         28.0000         23.0000         26.0000         22.0000         31.0000         32.0000         19.0000         16.0000         24.0000         0.00000         0.00000         0.00000         0.00000         0.00000         0.00000         0.00000         0.00000         0.00000         0.00000         0.00000         0.00000         0.00000         0.00000  
  17         1297.55         2.00000         2.00000         1.00000         3.00000         4.00000         5.00000         5.00000         9.00000         6.00000         8.00000         11.0000         11.0000         16.0000         7.00000         14.0000         20.0000         15.0000         16.0000         19.0000         20.0000         13.0000         14.0000         17.0000         18.0000         27.0000         27.0000         23.0000         24.0000         28.0000         21.0000         25.0000         30.0000         28.0000         31.0000         31.0000         20.0000         26.0000         0.00000         0.00000         0.00000         0.00000         0.00000         0.00000         0.00000         0.00000         0.00000         0.00000         0.00000         0.00000         0.00000         0.00000  
  18         1298.05         3.00000         2.00000         4.00000         5.00000         3.00000         5.00000         4.00000         5.00000         9.00000         10.0000         10.0000         11.0000         13.0000         11.0000         13.0000         18.0000         18.0000         17.0000         17.0000         25.0000         9.00000         23.0000         13.0000         18.0000         26.0000         21.0000         42.0000         24.0000         28.0000         24.0000         31.0000         33.0000         28.0000         25.0000         29.0000         31.0000         26.0000         0.00000         0.00000         0.00000         0.00000         0.00000         0.00000         0.00000         0.00000         0.00000         0.00000         0.00000         0.00000         0.00000         0.00000  
  19         1298.55         8.00000         0.00000         0.00000         2.00000         2.00000         4.00000         4.00000         7.00000         12.0000         10.0000         12.0000         10.0000         17.0000         9.00000         15.0000         12.0000         19.0000         11.0000         12.0000         17.0000         24.0000         17.0000         29.0000         18.0000         12.0000         27.0000         17.0000         26.0000         27.0000         21.0000         25.0000         23.0000         27.0000         27.0000         22.0000         26.0000         26.0000         0.00000         0.00000         0.00000         0.00000         0.00000         0.00000         0.00000         0.00000         0.00000         0.00000         0.00000         0.00000         0.00000         0.00000  
  20         1299.05         0.00000         4.00000         1.00000         4.00000         4.00000         4.00000         4.00000         8.00000         6.00000         5.00000         11.0000         11.0000         7.00000         11.0000         11.0000         13.0000         17.0000         20.0000         16.0000         20.0000         26.0000         24.0000         18.0000         22.0000         17.0000         26.0000         21.0000         15.0000         18.0000         22.0000         34.0000         20.0000         32.0000         31.0000         29.0000         27.0000         27.0000         0.00000         0.00000         0.00000         0.00000         0.00000         0.00000         0.00000         0.00000         0.00000         0.00000         0.00000         0.00000         0.00000         0.00000  
  21         1299.55         1.00000         3.00000         2.00000         2.00000         2.00000         4.00000         2.00000         3.00000         5.00000         8.00000         10.0000         11.0000         4.00000         11.0000         18.0000         18.0000         22.0000         21.0000         11.0000         13.0000         28.0000         12.0000         16.0000         20.0000         28.0000         20.0000         15.0000         22.0000         33.0000         18.0000         24.0000         25.0000         20.0000         33.0000         27.0000         26.0000         19.0000         0.00000         0.00000         0.00000         0.00000         0.00000         0.00000         0.00000         0.00000         0.00000         0.00000         0.00000         0.00000         0.00000         0.00000  
  22         1300.05         3.00000         1.00000         3.00000         1.00000         3.00000         3.00000         7.00000         3.00000         4.00000         8.00000         9.00000         11.0000         9.00000         7.00000         6.00000         14.0000         13.0000         11.0000         12.0000         17.0000         18.0000         14.0000         19.0000         17.0000         19.0000         22.0000         27.0000         19.0000         20.0000         17.0000         27.0000         30.0000         30.0000         30.0000         29.0000         28.0000         25.0000         0.00000         0.00000         0.00000         0.00000         0.00000         0.00000         0.00000         0.00000         0.00000         0.00000         0.00000         0.00000         0.00000         0.00000  
  23         1300.55         2.00000         0.00000         3.00000         2.00000         0.00000         7.00000         1.00000         4.00000         4.00000         3.00000         12.0000         7.00000         9.00000         12.0000         5.00000         16.0000         8.00000         11.0000         19.0000         17.0000         13.0000         19.0000         15.0000         25.0000         23.0000         27.0000         18.0000         23.0000         25.0000         23.0000         28.0000         30.0000         26.0000         30.0000         30.0000         28.0000         21.0000         0.00000         0.00000         0.00000         0.00000         0.00000         0.00000         0.00000         0.00000         0.00000         0.00000         0.00000         0.00000         0.00000         0.00000  
  24         1301.05         1.00000         3.00000         3.00000         2.00000         2.00000         3.00000         4.00000         4.00000         2.00000         9.00000         4.00000         12.0000         8.00000         9.00000         12.0000         17.0000         13.0000         15.0000         18.0000         14.0000         15.0000         17.0000         19.0000         24.0000         21.0000         15.0000         27.0000         25.0000         20.0000         19.0000         28.0000         28.0000         21.0000         33.0000         20.0000         26.0000         30.0000         0.00000         0.00000         0.00000         0.00000         0.00000         0.00000         0.00000         0.00000         0.00000         0.00000         0.00000         0.00000         0.00000         0.00000  
  25         1301.55         2.00000         1.00000         1.00000         4.00000         3.00000         2.00000         1.00000         5.00000         8.00000         8.00000         10.0000         3.00000         10.0000         7.00000         14.0000         20.0000         17.0000         13.0000         16.0000         12.0000         18.0000         12.0000         13.0000         28.0000         20.0000         16.0000         22.0000         23.0000         19.0000         30.0000         25.0000         20.0000         23.0000         29.0000         33.0000         28.0000         26.0000         0.00000         0.00000         0.00000         0.00000         0.00000         0.00000         0.00000         0.00000         0.00000         0.00000         0.00000         0.00000         0.00000         0.00000  
  26         1302.05         6.00000         3.00000         4.00000         0.00000         2.00000         0.00000         1.00000         3.00000         3.00000         7.00000         7.00000         10.0000         17.0000         13.0000         8.00000         18.0000         17.0000         12.0000         15.0000         8.00000         13.0000         19.0000         22.0000         17.0000         21.0000         22.0000         19.0000         24.0000         12.0000         18.0000         16.0000         28.0000         29.0000         23.0000         27.0000         30.0000         18.0000         0.00000         0.00000         0.00000         0.00000         0.00000         0.00000         0.00000         0.00000         0.00000         0.00000         0.00000         0.00000         0.00000         0.00000  
  27         1302.55         1.00000         1.00000         1.00000         1.00000         1.00000         0.00000         3.00000         0.00000         2.00000         8.00000         5.00000         10.0000         3.00000         5.00000         21.0000         11.0000         10.0000         13.0000         16.0000         13.0000         17.0000         13.0000         18.0000         18.0000         16.0000         17.0000         19.0000         11.0000         34.0000         19.0000         25.0000         19.0000         22.0000         23.0000         23.0000         23.0000         21.0000         0.00000         0.00000         0.00000         0.00000         0.00000         0.00000         0.00000         0.00000         0.00000         0.00000         0.00000         0.00000         0.00000         0.00000  
  28         1303.05         6.00000         2.00000         1.00000         5.00000         0.00000         4.00000         5.00000         1.00000         6.00000         3.00000         6.00000         7.00000         12.0000         7.00000         12.0000         10.0000         13.0000         13.0000         15.0000         11.0000         17.0000         7.00000         12.0000         14.0000         11.0000         12.0000         19.0000         13.0000         22.0000         17.0000         18.0000         26.0000         19.0000         34.0000         19.0000         26.0000         20.0000         0.00000         0.00000         0.00000         0.00000         0.00000         0.00000         0.00000         0.00000         0.00000         0.00000         0.00000         0.00000         0.00000         0.00000  
  29         1303.55         3.00000         1.00000         2.00000         1.00000         2.00000         2.00000         2.00000         1.00000         5.00000         3.00000         3.00000         5.00000         10.0000         8.00000         12.0000         10.0000         9.00000         10.0000         13.0000         14.0000         11.0000         14.0000         9.00000         12.0000         26.0000         15.0000         19.0000         16.0000         19.0000         30.0000         18.0000         18.0000         20.0000         16.0000         26.0000         18.0000         23.0000         0.00000         0.00000         0.00000         0.00000         0.00000         0.00000         0.00000         0.00000         0.00000         0.00000         0.00000         0.00000         0.00000         0.00000  
  30         1304.05         1.00000         2.00000         1.00000         1.00000         1.00000         3.00000         6.00000         0.00000         2.00000         1.00000         4.00000         4.00000         9.00000         5.00000         9.00000         8.00000         14.0000         5.00000         11.0000         9.00000         12.0000         16.0000         17.0000         12.0000         16.0000         16.0000         15.0000         15.0000         20.0000         16.0000         15.0000         25.0000         27.0000         19.0000         15.0000         15.0000         27.0000         0.00000         0.00000         0.00000         0.00000         0.00000         0.00000         0.00000         0.00000         0.00000         0.00000         0.00000         0.00000         0.00000         0.00000  
  31         1304.55         2.00000         2.00000         1.00000         1.00000         3.00000         1.00000         2.00000         1.00000         0.00000         2.00000         3.00000         5.00000         6.00000         6.00000         11.0000         8.00000         11.0000         10.0000         12.0000         7.00000         10.0000         7.00000         12.0000         10.0000         13.0000         10.0000         17.0000         20.0000         19.0000         18.0000         19.0000         30.0000         14.0000         25.0000         22.0000         18.0000         16.0000         0.00000         0.00000         0.00000         0.00000         0.00000         0.00000         0.00000         0.00000         0.00000         0.00000         0.00000         0.00000         0.00000         0.00000  
  32         1305.05         1.00000         3.00000         2.00000         4.00000         2.00000         4.00000         1.00000         1.00000         2.00000         1.00000         7.00000         4.00000         5.00000         11.0000         9.00000         14.0000         7.00000         10.0000         16.0000         10.0000         13.0000         5.00000         10.0000         12.0000         13.0000         11.0000         9.00000         17.0000         14.0000         18.0000         9.00000         20.0000         29.0000         9.00000         15.0000         17.0000         15.0000         0.00000         0.00000         0.00000         0.00000         0.00000         0.00000         0.00000         0.00000         0.00000         0.00000         0.00000         0.00000         0.00000         0.00000  
  33         1305.55         2.00000         1.00000         1.00000         2.00000         1.00000         3.00000         1.00000         4.00000         2.00000         1.00000         3.00000         5.00000         3.00000         5.00000         4.00000         5.00000         6.00000         10.0000         9.00000         13.0000         6.00000         15.0000         10.0000         7.00000         10.0000         12.0000         16.0000         11.0000         10.0000         16.0000         12.0000         21.0000         17.0000         24.0000         23.0000         19.0000         10.0000         0.00000         0.00000         0.00000         0.00000         0.00000         0.00000         0.00000         0.00000         0.00000         0.00000         0.00000         0.00000         0.00000         0.00000  
  34         1306.05         0.00000         1.00000         2.00000         1.00000         2.00000         1.00000         2.00000         4.00000         3.00000         4.00000         2.00000         2.00000         5.00000         5.00000         7.00000         6.00000         3.00000         11.0000         10.0000         8.00000         9.00000         4.00000         4.00000         11.0000         13.0000         11.0000         10.0000         15.0000         15.0000         23.0000         11.0000         14.0000         24.0000         14.0000         18.0000         13.0000         12.0000         0.00000         0.00000         0.00000         0.00000         0.00000         0.00000         0.00000         0.00000         0.00000         0.00000         0.00000         0.00000         0.00000         0.00000  
  35         1306.55         1.00000         1.00000         4.00000         3.00000         1.00000         2.00000         1.00000         2.00000         2.00000         6.00000         3.00000         4.00000         1.00000         2.00000         5.00000         4.00000         10.0000         5.00000         5.00000         5.00000         2.00000         9.00000         6.00000         3.00000         8.00000         15.0000         9.00000         8.00000         16.0000         11.0000         15.0000         24.0000         12.0000         16.0000         17.0000         37.0000         21.0000         0.00000         0.00000         0.00000         0.00000         0.00000         0.00000         0.00000         0.00000         0.00000         0.00000         0.00000         0.00000         0.00000         0.00000  
  36         1307.05         2.00000         1.00000         2.00000         2.00000         2.00000         5.00000         3.00000         2.00000         2.00000         3.00000         1.00000         0.00000         0.00000         0.00000         3.00000         2.00000         8.00000         5.00000         9.00000         8.00000         5.00000         11.0000         9.00000         3.00000         10.0000         12.0000         9.00000         5.00000         11.0000         10.0000         17.0000         17.0000         10.0000         11.0000         9.00000         14.0000         16.0000         0.00000         0.00000         0.00000         0.00000         0.00000         0.00000         0.00000         0.00000         0.00000         0.00000         0.00000         0.00000         0.00000         0.00000  
  37         1307.55         2.00000         4.00000         2.00000         3.00000         4.00000         1.00000         2.00000         5.00000         1.00000         2.00000         3.00000         0.00000         1.00000         1.00000         3.00000         1.00000         4.00000         6.00000         7.00000         1.00000         7.00000         4.00000         8.00000         11.0000         7.00000         9.00000         9.00000         5.00000         11.0000         12.0000         13.0000         12.0000         8.00000         10.0000         13.0000         18.0000         10.0000         0.00000         0.00000         0.00000         0.00000         0.00000         0.00000         0.00000         0.00000         0.00000         0.00000         0.00000         0.00000         0.00000         0.00000  
  38         1308.05         6.00000         0.00000         2.00000         1.00000         3.00000         1.00000         4.00000         2.00000         1.00000         0.00000         3.00000         4.00000         2.00000         1.00000         4.00000         1.00000         1.00000         5.00000         4.00000         2.00000         6.00000         4.00000         3.00000         8.00000         11.0000         8.00000         8.00000         13.0000         8.00000         9.00000         9.00000         5.00000         13.0000         15.0000         18.0000         13.0000         6.00000         0.00000         0.00000         0.00000         0.00000         0.00000         0.00000         0.00000         0.00000         0.00000         0.00000         0.00000         0.00000         0.00000         0.00000  
  39         1308.55         1.00000         0.00000         3.00000         1.00000         1.00000         3.00000         2.00000         1.00000         2.00000         0.00000         2.00000         3.00000         0.00000         0.00000         4.00000         1.00000         0.00000         2.00000         3.00000         2.00000         6.00000         7.00000         9.00000         8.00000         10.0000         8.00000         9.00000         6.00000         11.0000         6.00000         7.00000         5.00000         5.00000         9.00000         12.0000         12.0000         7.00000         0.00000         0.00000         0.00000         0.00000         0.00000         0.00000         0.00000         0.00000         0.00000         0.00000         0.00000         0.00000         0.00000         0.00000  
  40         1309.05         1.00000         4.00000         1.00000         3.00000         4.00000         0.00000         1.00000         1.00000         4.00000         1.00000         1.00000         1.00000         4.00000         1.00000         0.00000         3.00000         2.00000         2.00000         2.00000         4.00000         4.00000         4.00000         4.00000         7.00000         7.00000         6.00000         3.00000         9.00000         4.00000         7.00000         7.00000         8.00000         4.00000         10.0000         10.0000         9.00000         12.0000         0.00000         0.00000         0.00000         0.00000         0.00000         0.00000         0.00000         0.00000         0.00000         0.00000         0.00000         0.00000         0.00000         0.00000  
  41         1309.55         0.00000         2.00000         1.00000         0.00000         2.00000         1.00000         4.00000         5.00000         3.00000         3.00000         1.00000         3.00000         2.00000         1.00000         3.00000         2.00000         3.00000         3.00000         4.00000         3.00000         2.00000         1.00000         11.0000         3.00000         6.00000         6.00000         3.00000         5.00000         6.00000         11.0000         11.0000         12.0000         11.0000         10.0000         11.0000         11.0000         10.0000         0.00000         0.00000         0.00000         0.00000         0.00000         0.00000         0.00000         0.00000         0.00000         0.00000         0.00000         0.00000         0.00000         0.00000  
  42         1310.05         0.00000         2.00000         2.00000         2.00000         3.00000         3.00000         3.00000         0.00000         1.00000         2.00000         2.00000         2.00000         1.00000         4.00000         3.00000         2.00000         4.00000         2.00000         3.00000         5.00000         5.00000         4.00000         4.00000         5.00000         4.00000         6.00000         6.00000         7.00000         11.0000         9.00000         12.0000         6.00000         7.00000         7.00000         9.00000         10.0000         8.00000         0.00000         0.00000         0.00000         0.00000         0.00000         0.00000         0.00000         0.00000         0.00000         0.00000         0.00000         0.00000         0.00000         0.00000  
  43         1310.55         0.00000         2.00000         0.00000         1.00000         1.00000         2.00000         2.00000         3.00000         1.00000         1.00000         1.00000         0.00000         0.00000         1.00000         1.00000         1.00000         3.00000         0.00000         1.00000         3.00000         0.00000         1.00000         4.00000         2.00000         1.00000         4.00000         8.00000         4.00000         8.00000         9.00000         9.00000         16.0000         5.00000         9.00000         10.0000         7.00000         12.0000         0.00000         0.00000         0.00000         0.00000         0.00000         0.00000         0.00000         0.00000         0.00000         0.00000         0.00000         0.00000         0.00000         0.00000  
  44         1311.05         3.00000         1.00000         3.00000         3.00000         1.00000         0.00000         4.00000         4.00000         0.00000         3.00000         3.00000         2.00000         0.00000         1.00000         3.00000         5.00000         4.00000         1.00000         1.00000         3.00000         0.00000         2.00000         1.00000         4.00000         4.00000         6.00000         5.00000         4.00000         6.00000         6.00000         5.00000         6.00000         13.0000         2.00000         12.0000         9.00000         5.00000         0.00000         0.00000         0.00000         0.00000         0.00000         0.00000         0.00000         0.00000         0.00000         0.00000         0.00000         0.00000         0.00000         0.00000  
  45         1311.55         0.00000         4.00000         1.00000         2.00000         4.00000         2.00000         4.00000         3.00000         1.00000         3.00000         1.00000         0.00000         1.00000         1.00000         2.00000         0.00000         3.00000         2.00000         0.00000         1.00000         1.00000         2.00000         5.00000         2.00000         4.00000         2.00000         4.00000         8.00000         7.00000         8.00000         6.00000         6.00000         8.00000         11.0000         9.00000         8.00000         3.00000         0.00000         0.00000         0.00000         0.00000         0.00000         0.00000         0.00000         0.00000         0.00000         0.00000         0.00000         0.00000         0.00000         0.00000  
  46         1312.05         0.00000         5.00000         4.00000         2.00000         2.00000         2.00000         1.00000         0.00000         2.00000         1.00000         2.00000         0.00000         1.00000         1.00000         1.00000         2.00000         2.00000         2.00000         3.00000         3.00000         1.00000         1.00000         3.00000         3.00000         1.00000         6.00000         2.00000         3.00000         3.00000         5.00000         4.00000         6.00000         11.0000         8.00000         10.0000         8.00000         13.0000         0.00000         0.00000         0.00000         0.00000         0.00000         0.00000         0.00000         0.00000         0.00000         0.00000         0.00000         0.00000         0.00000         0.00000  
  47         1312.55         3.00000         1.00000         0.00000         0.00000         4.00000         2.00000         2.00000         2.00000         1.00000         2.00000         3.00000         1.00000         1.00000         1.00000         4.00000         2.00000         3.00000         1.00000         1.00000         3.00000         2.00000         3.00000         3.00000         2.00000         3.00000         2.00000         4.00000         5.00000         6.00000         9.00000         5.00000         7.00000         8.00000         11.0000         9.00000         10.0000         6.00000         0.00000         0.00000         0.00000         0.00000         0.00000         0.00000         0.00000         0.00000         0.00000         0.00000         0.00000         0.00000         0.00000         0.00000  
  48         1313.05         2.00000         2.00000         2.00000         1.00000         1.00000         4.00000         1.00000         2.00000         4.00000         2.00000         4.00000         1.00000         2.00000         3.00000         4.00000         0.00000         1.00000         2.00000         2.00000         0.00000         0.00000         2.00000         1.00000         2.00000         2.00000         2.00000         3.00000         5.00000         2.00000         11.0000         6.00000         7.00000         3.00000         14.0000         9.00000         7.00000         9.00000         0.00000         0.00000         0.00000         0.00000         0.00000         0.00000         0.00000         0.00000         0.00000         0.00000         0.00000         0.00000         0.00000         0.00000  
  49         1313.55         2.00000         3.00000         3.00000         1.00000         0.00000         3.00000         5.00000         2.00000         3.00000         1.00000         1.00000         3.00000         2.00000         7.00000         4.00000         2.00000         1.00000         7.00000         2.00000         1.00000         0.00000         3.00000         6.00000         1.00000         1.00000         4.00000         1.00000         1.00000         2.00000         6.00000         2.00000         4.00000         10.0000         4.00000         7.00000         10.0000         10.0000         0.00000         0.00000         0.00000         0.00000         0.00000         0.00000         0.00000         0.00000         0.00000         0.00000         0.00000         0.00000         0.00000         0.00000  
  50         1314.05         2.00000         2.00000         1.00000         0.00000         0.00000         2.00000         4.00000         5.00000         2.00000         3.00000         2.00000         0.00000         1.00000         0.00000         1.00000         2.00000         2.00000         6.00000         3.00000         0.00000         4.00000         2.00000         1.00000         3.00000         1.00000         1.00000         2.00000         3.00000         6.00000         2.00000         11.0000         5.00000         6.00000         3.00000         4.00000         7.00000         6.00000         0.00000         0.00000         0.00000         0.00000         0.00000         0.00000         0.00000         0.00000         0.00000         0.00000         0.00000         0.00000         0.00000         0.00000  
  51         1314.55         0.00000         2.00000         6.00000         0.00000         2.00000         2.00000         5.00000         2.00000         0.00000         2.00000         1.00000         0.00000         2.00000         7.00000         2.00000         0.00000         2.00000         3.00000         2.00000         1.00000         0.00000         2.00000         2.00000         2.00000         1.00000         4.00000         0.00000         0.00000         1.00000         0.00000         2.00000         3.00000         3.00000         6.00000         7.00000         12.0000         13.0000         0.00000         0.00000         0.00000         0.00000         0.00000         0.00000         0.00000         0.00000         0.00000         0.00000         0.00000         0.00000         0.00000         0.00000  
