; FILE:  /home/2-iddf/data12c3/Alix_NWU/mda/2iddf_0012.mda
; Title:  Image#12 (2iddf:mca1.R5) - DC
; Scan # =       12 ,  Detector # =       12 ,   col=       51 ,   row=       51
;            Yvalue:        -1712.03        -1711.53        -1711.03        -1710.53        -1710.03        -1709.53        -1709.03        -1708.53        -1708.03        -1707.53        -1707.03        -1706.53        -1706.03        -1705.53        -1705.03        -1704.53        -1704.03        -1703.53        -1703.03        -1702.53        -1702.03        -1701.53        -1701.03        -1700.53        -1700.03        -1699.53        -1699.03        -1698.53        -1698.03        -1697.53        -1697.03        -1696.53        -1696.03        -1695.53        -1695.03        -1694.53        -1694.03         0.00000         0.00000         0.00000         0.00000         0.00000         0.00000         0.00000         0.00000         0.00000         0.00000         0.00000         0.00000         0.00000         0.00000 
;             Yindex               1               2               3               4               5               6               7               8               9              10              11              12              13              14              15              16              17              18              19              20              21              22              23              24              25              26              27              28              29              30              31              32              33              34              35              36              37              38              39              40              41              42              43              44              45              46              47              48              49              50              51 
; Xindex,    Xvalue,        Image(I,J) Array
   1         1289.55         0.00000         42.0000         46.0000         45.0000         51.0000         48.0000         57.0000         69.0000         58.0000         72.0000         62.0000         86.0000         90.0000         67.0000         93.0000         96.0000         97.0000         97.0000         101.000         100.000         104.000         98.0000         96.0000         107.000         98.0000         129.000         120.000         130.000         114.000         124.000         156.000         134.000         127.000         139.000         139.000         147.000         130.000         0.00000         0.00000         0.00000         0.00000         0.00000         0.00000         0.00000         0.00000         0.00000         0.00000         0.00000         0.00000         0.00000         0.00000  
   2         1290.05         0.00000         37.0000         38.0000         44.0000         64.0000         58.0000         58.0000         68.0000         55.0000         66.0000         81.0000         85.0000         72.0000         79.0000         77.0000         92.0000         95.0000         112.000         109.000         114.000         102.000         104.000         122.000         109.000         125.000         123.000         143.000         141.000         140.000         123.000         117.000         111.000         141.000         145.000         126.000         139.000         149.000         0.00000         0.00000         0.00000         0.00000         0.00000         0.00000         0.00000         0.00000         0.00000         0.00000         0.00000         0.00000         0.00000         0.00000  
   3         1290.55         33.0000         26.0000         41.0000         36.0000         49.0000         50.0000         55.0000         64.0000         68.0000         72.0000         62.0000         87.0000         77.0000         67.0000         84.0000         80.0000         92.0000         99.0000         107.000         117.000         134.000         102.000         122.000         127.000         118.000         106.000         104.000         111.000         108.000         121.000         109.000         140.000         147.000         162.000         135.000         143.000         140.000         0.00000         0.00000         0.00000         0.00000         0.00000         0.00000         0.00000         0.00000         0.00000         0.00000         0.00000         0.00000         0.00000         0.00000  
   4         1291.05         27.0000         23.0000         37.0000         42.0000         40.0000         48.0000         67.0000         59.0000         55.0000         73.0000         68.0000         93.0000         90.0000         102.000         90.0000         108.000         121.000         85.0000         100.000         112.000         100.000         132.000         123.000         122.000         126.000         119.000         118.000         113.000         122.000         123.000         134.000         153.000         143.000         135.000         149.000         138.000         133.000         0.00000         0.00000         0.00000         0.00000         0.00000         0.00000         0.00000         0.00000         0.00000         0.00000         0.00000         0.00000         0.00000         0.00000  
   5         1291.55         30.0000         28.0000         31.0000         44.0000         49.0000         47.0000         68.0000         69.0000         74.0000         68.0000         73.0000         67.0000         76.0000         72.0000         99.0000         105.000         112.000         105.000         108.000         127.000         125.000         110.000         120.000         118.000         140.000         128.000         141.000         141.000         145.000         124.000         150.000         134.000         151.000         135.000         131.000         125.000         135.000         0.00000         0.00000         0.00000         0.00000         0.00000         0.00000         0.00000         0.00000         0.00000         0.00000         0.00000         0.00000         0.00000         0.00000  
   6         1292.05         29.0000         29.0000         39.0000         39.0000         48.0000         44.0000         55.0000         58.0000         65.0000         86.0000         76.0000         81.0000         78.0000         89.0000         88.0000         110.000         100.000         87.0000         112.000         131.000         112.000         124.000         145.000         126.000         137.000         124.000         133.000         118.000         133.000         108.000         120.000         139.000         138.000         152.000         158.000         125.000         149.000         0.00000         0.00000         0.00000         0.00000         0.00000         0.00000         0.00000         0.00000         0.00000         0.00000         0.00000         0.00000         0.00000         0.00000  
   7         1292.55         28.0000         28.0000         27.0000         44.0000         51.0000         53.0000         59.0000         62.0000         80.0000         74.0000         76.0000         101.000         86.0000         88.0000         99.0000         93.0000         112.000         117.000         109.000         93.0000         125.000         128.000         127.000         133.000         155.000         135.000         125.000         120.000         105.000         128.000         122.000         131.000         133.000         152.000         174.000         158.000         183.000         0.00000         0.00000         0.00000         0.00000         0.00000         0.00000         0.00000         0.00000         0.00000         0.00000         0.00000         0.00000         0.00000         0.00000  
   8         1293.05         35.0000         32.0000         28.0000         36.0000         46.0000         54.0000         57.0000         65.0000         76.0000         79.0000         62.0000         90.0000         81.0000         94.0000         108.000         121.000         128.000         103.000         110.000         110.000         125.000         133.000         123.000         146.000         135.000         133.000         131.000         120.000         151.000         141.000         142.000         141.000         117.000         162.000         145.000         133.000         135.000         0.00000         0.00000         0.00000         0.00000         0.00000         0.00000         0.00000         0.00000         0.00000         0.00000         0.00000         0.00000         0.00000         0.00000  
   9         1293.55         30.0000         27.0000         38.0000         39.0000         56.0000         49.0000         62.0000         64.0000         77.0000         86.0000         90.0000         95.0000         101.000         90.0000         108.000         102.000         113.000         105.000         107.000         114.000         136.000         114.000         111.000         121.000         139.000         116.000         158.000         151.000         147.000         152.000         127.000         121.000         142.000         142.000         133.000         139.000         156.000         0.00000         0.00000         0.00000         0.00000         0.00000         0.00000         0.00000         0.00000         0.00000         0.00000         0.00000         0.00000         0.00000         0.00000  
  10         1294.05         31.0000         23.0000         27.0000         44.0000         39.0000         56.0000         67.0000         63.0000         66.0000         62.0000         87.0000         97.0000         91.0000         85.0000         101.000         101.000         99.0000         104.000         119.000         130.000         122.000         127.000         149.000         123.000         139.000         137.000         129.000         132.000         128.000         149.000         136.000         131.000         139.000         143.000         148.000         142.000         147.000         0.00000         0.00000         0.00000         0.00000         0.00000         0.00000         0.00000         0.00000         0.00000         0.00000         0.00000         0.00000         0.00000         0.00000  
  11         1294.55         29.0000         21.0000         19.0000         25.0000         33.0000         50.0000         50.0000         62.0000         65.0000         76.0000         84.0000         91.0000         102.000         113.000         94.0000         86.0000         99.0000         119.000         123.000         132.000         125.000         115.000         126.000         134.000         139.000         133.000         147.000         151.000         141.000         122.000         166.000         155.000         147.000         170.000         141.000         169.000         146.000         0.00000         0.00000         0.00000         0.00000         0.00000         0.00000         0.00000         0.00000         0.00000         0.00000         0.00000         0.00000         0.00000         0.00000  
  12         1295.05         29.0000         17.0000         25.0000         40.0000         33.0000         51.0000         56.0000         68.0000         54.0000         67.0000         96.0000         81.0000         91.0000         86.0000         113.000         100.000         99.0000         129.000         122.000         121.000         126.000         116.000         125.000         122.000         131.000         137.000         132.000         152.000         150.000         138.000         155.000         147.000         139.000         126.000         153.000         143.000         164.000         0.00000         0.00000         0.00000         0.00000         0.00000         0.00000         0.00000         0.00000         0.00000         0.00000         0.00000         0.00000         0.00000         0.00000  
  13         1295.55         23.0000         30.0000         27.0000         33.0000         52.0000         48.0000         41.0000         61.0000         60.0000         74.0000         74.0000         77.0000         90.0000         74.0000         101.000         119.000         100.000         124.000         111.000         107.000         124.000         137.000         134.000         128.000         121.000         116.000         122.000         152.000         133.000         147.000         156.000         149.000         163.000         141.000         145.000         153.000         161.000         0.00000         0.00000         0.00000         0.00000         0.00000         0.00000         0.00000         0.00000         0.00000         0.00000         0.00000         0.00000         0.00000         0.00000  
  14         1296.05         26.0000         25.0000         34.0000         33.0000         48.0000         40.0000         40.0000         58.0000         60.0000         64.0000         75.0000         70.0000         97.0000         82.0000         107.000         113.000         103.000         125.000         102.000         142.000         119.000         123.000         132.000         141.000         136.000         132.000         139.000         140.000         149.000         134.000         147.000         140.000         160.000         160.000         138.000         167.000         157.000         0.00000         0.00000         0.00000         0.00000         0.00000         0.00000         0.00000         0.00000         0.00000         0.00000         0.00000         0.00000         0.00000         0.00000  
  15         1296.55         25.0000         19.0000         24.0000         29.0000         35.0000         40.0000         41.0000         51.0000         62.0000         81.0000         77.0000         90.0000         85.0000         92.0000         97.0000         94.0000         108.000         91.0000         136.000         113.000         114.000         106.000         116.000         120.000         132.000         139.000         140.000         144.000         150.000         131.000         160.000         132.000         176.000         162.000         149.000         159.000         156.000         0.00000         0.00000         0.00000         0.00000         0.00000         0.00000         0.00000         0.00000         0.00000         0.00000         0.00000         0.00000         0.00000         0.00000  
  16         1297.05         21.0000         21.0000         24.0000         32.0000         39.0000         38.0000         33.0000         60.0000         61.0000         59.0000         76.0000         63.0000         81.0000         62.0000         105.000         80.0000         106.000         102.000         120.000         96.0000         102.000         116.000         125.000         136.000         123.000         133.000         150.000         138.000         163.000         149.000         150.000         136.000         138.000         169.000         152.000         156.000         187.000         0.00000         0.00000         0.00000         0.00000         0.00000         0.00000         0.00000         0.00000         0.00000         0.00000         0.00000         0.00000         0.00000         0.00000  
  17         1297.55         20.0000         27.0000         26.0000         26.0000         43.0000         42.0000         39.0000         52.0000         55.0000         66.0000         83.0000         81.0000         83.0000         77.0000         108.000         96.0000         104.000         78.0000         118.000         101.000         101.000         111.000         121.000         135.000         126.000         132.000         132.000         152.000         153.000         166.000         136.000         142.000         149.000         168.000         148.000         135.000         153.000         0.00000         0.00000         0.00000         0.00000         0.00000         0.00000         0.00000         0.00000         0.00000         0.00000         0.00000         0.00000         0.00000         0.00000  
  18         1298.05         13.0000         22.0000         21.0000         34.0000         32.0000         40.0000         53.0000         46.0000         52.0000         60.0000         59.0000         55.0000         69.0000         75.0000         82.0000         95.0000         104.000         102.000         107.000         118.000         138.000         144.000         124.000         123.000         120.000         145.000         148.000         95.0000         145.000         125.000         148.000         145.000         165.000         146.000         146.000         158.000         159.000         0.00000         0.00000         0.00000         0.00000         0.00000         0.00000         0.00000         0.00000         0.00000         0.00000         0.00000         0.00000         0.00000         0.00000  
  19         1298.55         16.0000         25.0000         26.0000         21.0000         30.0000         38.0000         40.0000         40.0000         54.0000         51.0000         69.0000         91.0000         68.0000         73.0000         87.0000         83.0000         101.000         107.000         100.000         112.000         121.000         125.000         120.000         132.000         135.000         143.000         135.000         144.000         135.000         137.000         132.000         159.000         162.000         173.000         145.000         176.000         165.000         0.00000         0.00000         0.00000         0.00000         0.00000         0.00000         0.00000         0.00000         0.00000         0.00000         0.00000         0.00000         0.00000         0.00000  
  20         1299.05         23.0000         22.0000         26.0000         18.0000         35.0000         28.0000         32.0000         49.0000         51.0000         53.0000         59.0000         54.0000         74.0000         71.0000         89.0000         82.0000         79.0000         72.0000         97.0000         116.000         132.000         92.0000         113.000         104.000         117.000         143.000         124.000         127.000         124.000         125.000         160.000         140.000         180.000         158.000         152.000         149.000         155.000         0.00000         0.00000         0.00000         0.00000         0.00000         0.00000         0.00000         0.00000         0.00000         0.00000         0.00000         0.00000         0.00000         0.00000  
  21         1299.55         20.0000         25.0000         25.0000         24.0000         29.0000         30.0000         36.0000         48.0000         48.0000         65.0000         43.0000         68.0000         52.0000         61.0000         67.0000         77.0000         73.0000         96.0000         82.0000         89.0000         100.000         102.000         112.000         98.0000         130.000         126.000         116.000         135.000         143.000         124.000         141.000         118.000         152.000         154.000         146.000         153.000         150.000         0.00000         0.00000         0.00000         0.00000         0.00000         0.00000         0.00000         0.00000         0.00000         0.00000         0.00000         0.00000         0.00000         0.00000  
  22         1300.05         19.0000         25.0000         10.0000         21.0000         34.0000         37.0000         42.0000         31.0000         55.0000         47.0000         57.0000         81.0000         66.0000         52.0000         77.0000         61.0000         84.0000         78.0000         87.0000         91.0000         81.0000         92.0000         100.000         110.000         127.000         125.000         117.000         94.0000         125.000         154.000         144.000         150.000         154.000         148.000         165.000         167.000         153.000         0.00000         0.00000         0.00000         0.00000         0.00000         0.00000         0.00000         0.00000         0.00000         0.00000         0.00000         0.00000         0.00000         0.00000  
  23         1300.55         24.0000         27.0000         14.0000         11.0000         24.0000         34.0000         43.0000         36.0000         46.0000         60.0000         56.0000         75.0000         63.0000         72.0000         62.0000         73.0000         82.0000         77.0000         77.0000         82.0000         92.0000         100.000         108.000         85.0000         121.000         115.000         125.000         123.000         131.000         137.000         119.000         170.000         175.000         154.000         144.000         158.000         168.000         0.00000         0.00000         0.00000         0.00000         0.00000         0.00000         0.00000         0.00000         0.00000         0.00000         0.00000         0.00000         0.00000         0.00000  
  24         1301.05         26.0000         40.0000         18.0000         28.0000         18.0000         28.0000         37.0000         36.0000         40.0000         55.0000         55.0000         63.0000         67.0000         71.0000         66.0000         56.0000         71.0000         78.0000         81.0000         93.0000         92.0000         84.0000         103.000         107.000         128.000         122.000         102.000         152.000         148.000         114.000         150.000         140.000         142.000         158.000         144.000         173.000         161.000         0.00000         0.00000         0.00000         0.00000         0.00000         0.00000         0.00000         0.00000         0.00000         0.00000         0.00000         0.00000         0.00000         0.00000  
  25         1301.55         23.0000         18.0000         18.0000         21.0000         20.0000         31.0000         24.0000         44.0000         48.0000         57.0000         47.0000         68.0000         53.0000         55.0000         56.0000         62.0000         64.0000         74.0000         71.0000         66.0000         86.0000         95.0000         97.0000         103.000         104.000         113.000         104.000         110.000         130.000         126.000         114.000         138.000         150.000         165.000         136.000         162.000         133.000         0.00000         0.00000         0.00000         0.00000         0.00000         0.00000         0.00000         0.00000         0.00000         0.00000         0.00000         0.00000         0.00000         0.00000  
  26         1302.05         15.0000         15.0000         23.0000         15.0000         18.0000         18.0000         30.0000         27.0000         45.0000         48.0000         45.0000         62.0000         54.0000         65.0000         78.0000         75.0000         74.0000         66.0000         71.0000         94.0000         72.0000         77.0000         90.0000         85.0000         113.000         106.000         110.000         116.000         121.000         126.000         131.000         146.000         147.000         134.000         143.000         131.000         144.000         0.00000         0.00000         0.00000         0.00000         0.00000         0.00000         0.00000         0.00000         0.00000         0.00000         0.00000         0.00000         0.00000         0.00000  
  27         1302.55         21.0000         24.0000         28.0000         22.0000         13.0000         22.0000         38.0000         23.0000         40.0000         41.0000         56.0000         57.0000         43.0000         71.0000         71.0000         56.0000         64.0000         67.0000         57.0000         78.0000         89.0000         82.0000         59.0000         71.0000         107.000         100.000         118.000         105.000         122.000         121.000         132.000         114.000         142.000         160.000         132.000         114.000         149.000         0.00000         0.00000         0.00000         0.00000         0.00000         0.00000         0.00000         0.00000         0.00000         0.00000         0.00000         0.00000         0.00000         0.00000  
  28         1303.05         21.0000         25.0000         19.0000         23.0000         25.0000         27.0000         24.0000         35.0000         35.0000         37.0000         30.0000         66.0000         52.0000         40.0000         68.0000         61.0000         64.0000         76.0000         65.0000         73.0000         79.0000         77.0000         54.0000         75.0000         89.0000         126.000         133.000         112.000         113.000         127.000         143.000         123.000         125.000         135.000         141.000         149.000         135.000         0.00000         0.00000         0.00000         0.00000         0.00000         0.00000         0.00000         0.00000         0.00000         0.00000         0.00000         0.00000         0.00000         0.00000  
  29         1303.55         12.0000         19.0000         19.0000         9.00000         15.0000         26.0000         24.0000         28.0000         22.0000         38.0000         38.0000         44.0000         46.0000         53.0000         51.0000         61.0000         61.0000         63.0000         65.0000         65.0000         77.0000         70.0000         82.0000         81.0000         89.0000         94.0000         100.000         102.000         130.000         98.0000         124.000         120.000         167.000         129.000         144.000         120.000         117.000         0.00000         0.00000         0.00000         0.00000         0.00000         0.00000         0.00000         0.00000         0.00000         0.00000         0.00000         0.00000         0.00000         0.00000  
  30         1304.05         21.0000         17.0000         19.0000         14.0000         21.0000         18.0000         25.0000         28.0000         29.0000         26.0000         40.0000         48.0000         46.0000         52.0000         50.0000         59.0000         52.0000         61.0000         71.0000         65.0000         57.0000         53.0000         85.0000         77.0000         87.0000         85.0000         99.0000         85.0000         120.000         108.000         100.000         99.0000         133.000         117.000         142.000         131.000         135.000         0.00000         0.00000         0.00000         0.00000         0.00000         0.00000         0.00000         0.00000         0.00000         0.00000         0.00000         0.00000         0.00000         0.00000  
  31         1304.55         27.0000         17.0000         25.0000         22.0000         14.0000         19.0000         20.0000         15.0000         26.0000         32.0000         33.0000         37.0000         43.0000         53.0000         55.0000         37.0000         68.0000         44.0000         48.0000         56.0000         57.0000         72.0000         66.0000         90.0000         83.0000         65.0000         82.0000         90.0000         108.000         119.000         114.000         109.000         126.000         131.000         102.000         126.000         141.000         0.00000         0.00000         0.00000         0.00000         0.00000         0.00000         0.00000         0.00000         0.00000         0.00000         0.00000         0.00000         0.00000         0.00000  
  32         1305.05         19.0000         19.0000         14.0000         15.0000         18.0000         25.0000         12.0000         18.0000         21.0000         30.0000         36.0000         36.0000         36.0000         29.0000         39.0000         53.0000         60.0000         52.0000         49.0000         71.0000         60.0000         54.0000         58.0000         63.0000         67.0000         77.0000         69.0000         77.0000         84.0000         111.000         104.000         108.000         116.000         143.000         142.000         136.000         124.000         0.00000         0.00000         0.00000         0.00000         0.00000         0.00000         0.00000         0.00000         0.00000         0.00000         0.00000         0.00000         0.00000         0.00000  
  33         1305.55         19.0000         23.0000         17.0000         21.0000         20.0000         30.0000         23.0000         20.0000         18.0000         28.0000         20.0000         31.0000         45.0000         52.0000         39.0000         46.0000         65.0000         43.0000         58.0000         71.0000         64.0000         50.0000         53.0000         63.0000         67.0000         74.0000         84.0000         67.0000         105.000         95.0000         107.000         101.000         134.000         106.000         129.000         119.000         115.000         0.00000         0.00000         0.00000         0.00000         0.00000         0.00000         0.00000         0.00000         0.00000         0.00000         0.00000         0.00000         0.00000         0.00000  
  34         1306.05         15.0000         21.0000         21.0000         24.0000         30.0000         18.0000         28.0000         18.0000         23.0000         21.0000         28.0000         25.0000         30.0000         45.0000         39.0000         32.0000         65.0000         54.0000         49.0000         62.0000         60.0000         61.0000         48.0000         64.0000         59.0000         66.0000         64.0000         81.0000         94.0000         74.0000         76.0000         87.0000         110.000         100.000         99.0000         117.000         124.000         0.00000         0.00000         0.00000         0.00000         0.00000         0.00000         0.00000         0.00000         0.00000         0.00000         0.00000         0.00000         0.00000         0.00000  
  35         1306.55         19.0000         24.0000         21.0000         18.0000         13.0000         24.0000         17.0000         16.0000         24.0000         14.0000         19.0000         27.0000         33.0000         31.0000         30.0000         38.0000         50.0000         43.0000         60.0000         36.0000         49.0000         50.0000         49.0000         55.0000         57.0000         57.0000         53.0000         77.0000         80.0000         70.0000         92.0000         102.000         110.000         112.000         107.000         107.000         127.000         0.00000         0.00000         0.00000         0.00000         0.00000         0.00000         0.00000         0.00000         0.00000         0.00000         0.00000         0.00000         0.00000         0.00000  
  36         1307.05         20.0000         19.0000         11.0000         20.0000         29.0000         27.0000         17.0000         24.0000         22.0000         24.0000         26.0000         24.0000         18.0000         28.0000         22.0000         35.0000         44.0000         40.0000         44.0000         71.0000         46.0000         49.0000         50.0000         40.0000         60.0000         65.0000         43.0000         71.0000         65.0000         78.0000         93.0000         95.0000         104.000         99.0000         98.0000         117.000         117.000         0.00000         0.00000         0.00000         0.00000         0.00000         0.00000         0.00000         0.00000         0.00000         0.00000         0.00000         0.00000         0.00000         0.00000  
  37         1307.55         28.0000         14.0000         14.0000         16.0000         18.0000         12.0000         21.0000         26.0000         17.0000         16.0000         30.0000         21.0000         22.0000         22.0000         32.0000         32.0000         35.0000         37.0000         48.0000         30.0000         44.0000         40.0000         35.0000         43.0000         42.0000         58.0000         62.0000         52.0000         62.0000         76.0000         67.0000         78.0000         96.0000         81.0000         105.000         104.000         115.000         0.00000         0.00000         0.00000         0.00000         0.00000         0.00000         0.00000         0.00000         0.00000         0.00000         0.00000         0.00000         0.00000         0.00000  
  38         1308.05         16.0000         11.0000         18.0000         17.0000         17.0000         20.0000         22.0000         13.0000         19.0000         25.0000         15.0000         16.0000         16.0000         28.0000         23.0000         27.0000         30.0000         49.0000         40.0000         40.0000         37.0000         48.0000         56.0000         50.0000         43.0000         46.0000         40.0000         62.0000         60.0000         62.0000         77.0000         67.0000         58.0000         88.0000         72.0000         115.000         99.0000         0.00000         0.00000         0.00000         0.00000         0.00000         0.00000         0.00000         0.00000         0.00000         0.00000         0.00000         0.00000         0.00000         0.00000  
  39         1308.55         23.0000         17.0000         11.0000         19.0000         20.0000         20.0000         17.0000         30.0000         17.0000         21.0000         26.0000         24.0000         20.0000         24.0000         21.0000         21.0000         38.0000         41.0000         46.0000         46.0000         36.0000         50.0000         42.0000         38.0000         53.0000         51.0000         58.0000         63.0000         54.0000         62.0000         72.0000         61.0000         76.0000         74.0000         104.000         62.0000         76.0000         0.00000         0.00000         0.00000         0.00000         0.00000         0.00000         0.00000         0.00000         0.00000         0.00000         0.00000         0.00000         0.00000         0.00000  
  40         1309.05         23.0000         17.0000         19.0000         18.0000         24.0000         20.0000         26.0000         19.0000         22.0000         25.0000         19.0000         21.0000         20.0000         17.0000         27.0000         22.0000         26.0000         44.0000         27.0000         30.0000         26.0000         27.0000         47.0000         42.0000         44.0000         49.0000         51.0000         49.0000         55.0000         67.0000         67.0000         57.0000         72.0000         66.0000         80.0000         65.0000         100.000         0.00000         0.00000         0.00000         0.00000         0.00000         0.00000         0.00000         0.00000         0.00000         0.00000         0.00000         0.00000         0.00000         0.00000  
  41         1309.55         19.0000         7.00000         24.0000         19.0000         21.0000         19.0000         21.0000         23.0000         18.0000         20.0000         20.0000         19.0000         18.0000         19.0000         21.0000         18.0000         30.0000         26.0000         21.0000         29.0000         25.0000         42.0000         45.0000         33.0000         53.0000         50.0000         46.0000         53.0000         52.0000         53.0000         59.0000         56.0000         70.0000         70.0000         66.0000         71.0000         81.0000         0.00000         0.00000         0.00000         0.00000         0.00000         0.00000         0.00000         0.00000         0.00000         0.00000         0.00000         0.00000         0.00000         0.00000  
  42         1310.05         21.0000         17.0000         17.0000         24.0000         25.0000         15.0000         23.0000         20.0000         23.0000         12.0000         27.0000         21.0000         23.0000         25.0000         17.0000         28.0000         19.0000         23.0000         24.0000         23.0000         36.0000         28.0000         28.0000         29.0000         31.0000         39.0000         61.0000         61.0000         60.0000         44.0000         46.0000         53.0000         67.0000         61.0000         59.0000         86.0000         65.0000         0.00000         0.00000         0.00000         0.00000         0.00000         0.00000         0.00000         0.00000         0.00000         0.00000         0.00000         0.00000         0.00000         0.00000  
  43         1310.55         22.0000         15.0000         15.0000         24.0000         17.0000         27.0000         17.0000         28.0000         20.0000         20.0000         12.0000         17.0000         15.0000         15.0000         20.0000         15.0000         20.0000         34.0000         16.0000         16.0000         30.0000         17.0000         28.0000         23.0000         52.0000         41.0000         44.0000         42.0000         45.0000         51.0000         51.0000         58.0000         67.0000         55.0000         62.0000         65.0000         73.0000         0.00000         0.00000         0.00000         0.00000         0.00000         0.00000         0.00000         0.00000         0.00000         0.00000         0.00000         0.00000         0.00000         0.00000  
  44         1311.05         16.0000         16.0000         17.0000         22.0000         20.0000         26.0000         25.0000         14.0000         17.0000         16.0000         18.0000         24.0000         21.0000         21.0000         23.0000         19.0000         22.0000         19.0000         20.0000         35.0000         33.0000         25.0000         25.0000         31.0000         30.0000         28.0000         42.0000         48.0000         45.0000         52.0000         56.0000         53.0000         43.0000         64.0000         71.0000         60.0000         70.0000         0.00000         0.00000         0.00000         0.00000         0.00000         0.00000         0.00000         0.00000         0.00000         0.00000         0.00000         0.00000         0.00000         0.00000  
  45         1311.55         19.0000         19.0000         16.0000         16.0000         19.0000         22.0000         20.0000         17.0000         18.0000         16.0000         12.0000         16.0000         15.0000         16.0000         17.0000         22.0000         22.0000         21.0000         18.0000         20.0000         20.0000         21.0000         16.0000         29.0000         29.0000         30.0000         39.0000         31.0000         38.0000         41.0000         52.0000         76.0000         59.0000         65.0000         60.0000         56.0000         72.0000         0.00000         0.00000         0.00000         0.00000         0.00000         0.00000         0.00000         0.00000         0.00000         0.00000         0.00000         0.00000         0.00000         0.00000  
  46         1312.05         17.0000         25.0000         21.0000         12.0000         20.0000         20.0000         18.0000         16.0000         17.0000         18.0000         22.0000         14.0000         25.0000         20.0000         22.0000         31.0000         18.0000         21.0000         20.0000         16.0000         28.0000         16.0000         18.0000         18.0000         29.0000         29.0000         31.0000         45.0000         53.0000         41.0000         55.0000         68.0000         66.0000         55.0000         64.0000         64.0000         66.0000         0.00000         0.00000         0.00000         0.00000         0.00000         0.00000         0.00000         0.00000         0.00000         0.00000         0.00000         0.00000         0.00000         0.00000  
  47         1312.55         23.0000         10.0000         8.00000         20.0000         22.0000         20.0000         28.0000         21.0000         21.0000         17.0000         23.0000         15.0000         36.0000         17.0000         20.0000         19.0000         19.0000         21.0000         21.0000         25.0000         17.0000         22.0000         22.0000         20.0000         17.0000         24.0000         30.0000         42.0000         38.0000         47.0000         43.0000         55.0000         54.0000         62.0000         36.0000         63.0000         73.0000         0.00000         0.00000         0.00000         0.00000         0.00000         0.00000         0.00000         0.00000         0.00000         0.00000         0.00000         0.00000         0.00000         0.00000  
  48         1313.05         27.0000         9.00000         16.0000         16.0000         16.0000         20.0000         14.0000         19.0000         16.0000         25.0000         22.0000         17.0000         23.0000         16.0000         23.0000         21.0000         20.0000         20.0000         23.0000         21.0000         17.0000         26.0000         19.0000         23.0000         28.0000         30.0000         22.0000         31.0000         33.0000         34.0000         37.0000         40.0000         53.0000         48.0000         58.0000         43.0000         52.0000         0.00000         0.00000         0.00000         0.00000         0.00000         0.00000         0.00000         0.00000         0.00000         0.00000         0.00000         0.00000         0.00000         0.00000  
  49         1313.55         19.0000         13.0000         13.0000         24.0000         27.0000         23.0000         22.0000         23.0000         24.0000         22.0000         24.0000         16.0000         23.0000         11.0000         20.0000         27.0000         17.0000         20.0000         16.0000         18.0000         27.0000         20.0000         19.0000         20.0000         25.0000         16.0000         31.0000         27.0000         38.0000         31.0000         43.0000         43.0000         37.0000         42.0000         59.0000         50.0000         54.0000         0.00000         0.00000         0.00000         0.00000         0.00000         0.00000         0.00000         0.00000         0.00000         0.00000         0.00000         0.00000         0.00000         0.00000  
  50         1314.05         26.0000         18.0000         16.0000         28.0000         25.0000         22.0000         16.0000         20.0000         19.0000         25.0000         20.0000         15.0000         17.0000         15.0000         17.0000         12.0000         22.0000         23.0000         16.0000         20.0000         28.0000         23.0000         21.0000         19.0000         23.0000         23.0000         23.0000         26.0000         28.0000         42.0000         41.0000         43.0000         39.0000         55.0000         55.0000         63.0000         49.0000         0.00000         0.00000         0.00000         0.00000         0.00000         0.00000         0.00000         0.00000         0.00000         0.00000         0.00000         0.00000         0.00000         0.00000  
  51         1314.55         22.0000         29.0000         13.0000         24.0000         21.0000         18.0000         18.0000         18.0000         22.0000         21.0000         17.0000         13.0000         18.0000         17.0000         19.0000         19.0000         28.0000         24.0000         27.0000         26.0000         16.0000         18.0000         23.0000         19.0000         18.0000         19.0000         33.0000         26.0000         37.0000         30.0000         26.0000         31.0000         45.0000         47.0000         49.0000         57.0000         57.0000         0.00000         0.00000         0.00000         0.00000         0.00000         0.00000         0.00000         0.00000         0.00000         0.00000         0.00000         0.00000         0.00000         0.00000  
