; FILE:  /home/2-iddf/data12c3/Alix_NWU/mda/2iddf_0012.mda
; Title:  Image#3 (2iddf:scaler1_cts1.C) - D3
; Scan # =       12 ,  Detector # =        3 ,   col=       51 ,   row=       51
;            Yvalue:        -1712.03        -1711.53        -1711.03        -1710.53        -1710.03        -1709.53        -1709.03        -1708.53        -1708.03        -1707.53        -1707.03        -1706.53        -1706.03        -1705.53        -1705.03        -1704.53        -1704.03        -1703.53        -1703.03        -1702.53        -1702.03        -1701.53        -1701.03        -1700.53        -1700.03        -1699.53        -1699.03        -1698.53        -1698.03        -1697.53        -1697.03        -1696.53        -1696.03        -1695.53        -1695.03        -1694.53        -1694.03         0.00000         0.00000         0.00000         0.00000         0.00000         0.00000         0.00000         0.00000         0.00000         0.00000         0.00000         0.00000         0.00000         0.00000 
;             Yindex               1               2               3               4               5               6               7               8               9              10              11              12              13              14              15              16              17              18              19              20              21              22              23              24              25              26              27              28              29              30              31              32              33              34              35              36              37              38              39              40              41              42              43              44              45              46              47              48              49              50              51 
; Xindex,    Xvalue,        Image(I,J) Array
   1         1289.55         452.000         99396.0         96416.0         97364.0         97896.0         99744.0         98966.0         99716.0         99394.0         99720.0         99954.0         100304.         97526.0         93842.0         95848.0         97932.0         98488.0         98632.0         98638.0         97674.0         98256.0         99586.0         98716.0         96798.0         96912.0         97794.0         95934.0         95562.0         95650.0         96160.0         96610.0         96236.0         96656.0         101676.         98172.0         96564.0         95796.0         0.00000         0.00000         0.00000         0.00000         0.00000         0.00000         0.00000         0.00000         0.00000         0.00000         0.00000         0.00000         0.00000         0.00000  
   2         1290.05         454.000         99544.0         96186.0         97186.0         98004.0         99788.0         99000.0         99478.0         99384.0         99806.0         99670.0         99888.0         96018.0         93454.0         95692.0         98338.0         98486.0         98540.0         98832.0         97700.0         98320.0         99836.0         98494.0         96992.0         97062.0         97704.0         96160.0         95468.0         95252.0         96452.0         96780.0         96132.0         97028.0         101330.         98340.0         96710.0         95650.0         0.00000         0.00000         0.00000         0.00000         0.00000         0.00000         0.00000         0.00000         0.00000         0.00000         0.00000         0.00000         0.00000         0.00000  
   3         1290.55         99594.0         99396.0         96120.0         97256.0         98354.0         99874.0         99288.0         99520.0         99668.0         99772.0         99982.0         100138.         97362.0         93780.0         95766.0         98230.0         98624.0         98482.0         98712.0         97918.0         98732.0         99626.0         98430.0         97148.0         97052.0         98030.0         95666.0         95306.0         95318.0         96164.0         96634.0         96082.0         97118.0         101522.         98118.0         96964.0         95524.0         0.00000         0.00000         0.00000         0.00000         0.00000         0.00000         0.00000         0.00000         0.00000         0.00000         0.00000         0.00000         0.00000         0.00000  
   4         1291.05         99750.0         99540.0         96144.0         97216.0         97936.0         99746.0         98800.0         99504.0         99098.0         99870.0         99948.0         99896.0         97500.0         93908.0         95770.0         98124.0         98766.0         98218.0         98664.0         97828.0         98924.0         99816.0         98668.0         97052.0         97128.0         97972.0         95944.0         95202.0         94792.0         95002.0         96876.0         95974.0         96848.0         101380.         97802.0         97006.0         95780.0         0.00000         0.00000         0.00000         0.00000         0.00000         0.00000         0.00000         0.00000         0.00000         0.00000         0.00000         0.00000         0.00000         0.00000  
   5         1291.55         99534.0         99164.0         95970.0         97264.0         98218.0         99782.0         98870.0         99270.0         99570.0         99872.0         99710.0         99870.0         97378.0         93772.0         95900.0         98128.0         98938.0         98358.0         98704.0         97748.0         98832.0         99778.0         98516.0         96986.0         97178.0         98052.0         95806.0         95118.0         94702.0         96556.0         96724.0         96122.0         97052.0         101258.         97658.0         97068.0         96052.0         0.00000         0.00000         0.00000         0.00000         0.00000         0.00000         0.00000         0.00000         0.00000         0.00000         0.00000         0.00000         0.00000         0.00000  
   6         1292.05         99486.0         99136.0         96034.0         97574.0         98458.0         99984.0         99154.0         99430.0         99318.0         100002.         99636.0         99872.0         97450.0         93822.0         95920.0         98296.0         98428.0         98128.0         98734.0         97980.0         98680.0         99564.0         98660.0         97016.0         97454.0         98368.0         95522.0         95276.0         94886.0         96544.0         96780.0         96356.0         97372.0         101514.         98000.0         97036.0         95614.0         0.00000         0.00000         0.00000         0.00000         0.00000         0.00000         0.00000         0.00000         0.00000         0.00000         0.00000         0.00000         0.00000         0.00000  
   7         1292.55         99464.0         99088.0         94914.0         97328.0         98094.0         99734.0         98918.0         99518.0         99388.0         100106.         99928.0         99930.0         97102.0         93844.0         95820.0         97786.0         98712.0         98068.0         98646.0         97714.0         98746.0         99444.0         98532.0         96930.0         97678.0         98396.0         95516.0         95016.0         94850.0         96418.0         96756.0         96368.0         97532.0         101398.         97646.0         97292.0         95576.0         0.00000         0.00000         0.00000         0.00000         0.00000         0.00000         0.00000         0.00000         0.00000         0.00000         0.00000         0.00000         0.00000         0.00000  
   8         1293.05         99416.0         99122.0         96098.0         97346.0         98304.0         99818.0         98830.0         99262.0         99342.0         100180.         100004.         100120.         97386.0         93616.0         95928.0         97728.0         98584.0         97984.0         98660.0         97834.0         98692.0         99586.0         98672.0         96924.0         97560.0         98278.0         95486.0         95014.0         94542.0         96616.0         96638.0         96246.0         97318.0         101024.         97586.0         97176.0         95606.0         0.00000         0.00000         0.00000         0.00000         0.00000         0.00000         0.00000         0.00000         0.00000         0.00000         0.00000         0.00000         0.00000         0.00000  
   9         1293.55         99598.0         99108.0         96230.0         97210.0         98362.0         100088.         99074.0         99358.0         99352.0         100486.         99828.0         100144.         97404.0         93648.0         96026.0         97906.0         98502.0         97962.0         99212.0         97782.0         98632.0         99510.0         98502.0         96758.0         97864.0         98142.0         95694.0         95084.0         94480.0         96278.0         96728.0         96282.0         97628.0         100856.         97968.0         97600.0         95756.0         0.00000         0.00000         0.00000         0.00000         0.00000         0.00000         0.00000         0.00000         0.00000         0.00000         0.00000         0.00000         0.00000         0.00000  
  10         1294.05         99092.0         98680.0         95884.0         97306.0         98144.0         99800.0         99162.0         99184.0         99220.0         100268.         99870.0         100268.         97178.0         93762.0         96444.0         97776.0         98416.0         97852.0         99050.0         98062.0         98464.0         99484.0         98474.0         96784.0         98028.0         98358.0         95400.0         95284.0         94618.0         96472.0         96586.0         96442.0         98114.0         100984.         97870.0         97410.0         95626.0         0.00000         0.00000         0.00000         0.00000         0.00000         0.00000         0.00000         0.00000         0.00000         0.00000         0.00000         0.00000         0.00000         0.00000  
  11         1294.55         99030.0         98560.0         95996.0         97076.0         98186.0         99748.0         99060.0         99360.0         99380.0         100214.         99940.0         100102.         97256.0         93536.0         96158.0         97860.0         98316.0         97708.0         99130.0         97998.0         98814.0         99512.0         98760.0         96690.0         97978.0         98052.0         95450.0         95084.0         94516.0         96170.0         96718.0         96362.0         97992.0         100942.         97910.0         97736.0         95562.0         0.00000         0.00000         0.00000         0.00000         0.00000         0.00000         0.00000         0.00000         0.00000         0.00000         0.00000         0.00000         0.00000         0.00000  
  12         1295.05         98872.0         98334.0         96140.0         97294.0         98436.0         99944.0         99016.0         99220.0         99524.0         100408.         99822.0         99976.0         97302.0         93660.0         96498.0         97792.0         98330.0         97746.0         99160.0         97854.0         98252.0         99320.0         98882.0         96900.0         98210.0         98174.0         95558.0         94868.0         94538.0         96226.0         96448.0         96256.0         98074.0         100918.         97810.0         97794.0         95600.0         0.00000         0.00000         0.00000         0.00000         0.00000         0.00000         0.00000         0.00000         0.00000         0.00000         0.00000         0.00000         0.00000         0.00000  
  13         1295.55         99036.0         98504.0         95848.0         97442.0         98204.0         99844.0         99510.0         99250.0         99028.0         100524.         99650.0         100260.         97446.0         93752.0         96566.0         97908.0         98154.0         97544.0         98746.0         98172.0         98834.0         99538.0         98758.0         96672.0         98340.0         98650.0         95446.0         94980.0         94298.0         96384.0         96470.0         96112.0         97096.0         100858.         97926.0         97460.0         95594.0         0.00000         0.00000         0.00000         0.00000         0.00000         0.00000         0.00000         0.00000         0.00000         0.00000         0.00000         0.00000         0.00000         0.00000  
  14         1296.05         98896.0         97880.0         96068.0         97210.0         98204.0         99816.0         99152.0         99230.0         99300.0         100756.         99934.0         99712.0         97086.0         94088.0         96496.0         97960.0         98428.0         97462.0         98930.0         98256.0         90152.0         99478.0         98508.0         96862.0         98514.0         98690.0         95272.0         95030.0         94170.0         96156.0         96712.0         96096.0         98572.0         100828.         97622.0         97720.0         95384.0         0.00000         0.00000         0.00000         0.00000         0.00000         0.00000         0.00000         0.00000         0.00000         0.00000         0.00000         0.00000         0.00000         0.00000  
  15         1296.55         98958.0         97894.0         96208.0         97230.0         98230.0         99780.0         98978.0         99400.0         98902.0         100776.         99878.0         99896.0         97036.0         94268.0         96672.0         97820.0         98420.0         97466.0         98698.0         98228.0         98614.0         99254.0         98536.0         96882.0         98474.0         98672.0         95252.0         94880.0         94284.0         96258.0         96516.0         96178.0         98738.0         101026.         97768.0         97806.0         95644.0         0.00000         0.00000         0.00000         0.00000         0.00000         0.00000         0.00000         0.00000         0.00000         0.00000         0.00000         0.00000         0.00000         0.00000  
  16         1297.05         98468.0         97712.0         96178.0         97190.0         98312.0         99802.0         99194.0         98114.0         98876.0         100480.         99742.0         99928.0         97312.0         94204.0         97014.0         97772.0         98314.0         97440.0         98542.0         98274.0         98424.0         99074.0         98404.0         96804.0         98654.0         98342.0         95398.0         95166.0         94064.0         96188.0         96654.0         96186.0         99018.0         100638.         97744.0         97864.0         95702.0         0.00000         0.00000         0.00000         0.00000         0.00000         0.00000         0.00000         0.00000         0.00000         0.00000         0.00000         0.00000         0.00000         0.00000  
  17         1297.55         98444.0         97532.0         96130.0         97256.0         98206.0         99556.0         98894.0         99476.0         99030.0         100558.         99692.0         99546.0         96922.0         94400.0         96876.0         97548.0         98348.0         97290.0         98626.0         98170.0         85866.0         99472.0         98398.0         96996.0         98798.0         98348.0         95196.0         95094.0         93968.0         96052.0         96608.0         96114.0         99180.0         100878.         97578.0         97910.0         95492.0         0.00000         0.00000         0.00000         0.00000         0.00000         0.00000         0.00000         0.00000         0.00000         0.00000         0.00000         0.00000         0.00000         0.00000  
  18         1298.05         98254.0         97356.0         96182.0         97192.0         98048.0         99704.0         99048.0         99562.0         98918.0         100576.         99486.0         99694.0         97048.0         94266.0         96902.0         97558.0         98234.0         97354.0         98782.0         98206.0         98358.0         99054.0         98548.0         97092.0         98772.0         98516.0         95152.0         95146.0         93986.0         95924.0         96806.0         96156.0         99512.0         100796.         97362.0         97906.0         95742.0         0.00000         0.00000         0.00000         0.00000         0.00000         0.00000         0.00000         0.00000         0.00000         0.00000         0.00000         0.00000         0.00000         0.00000  
  19         1298.55         98380.0         97278.0         96148.0         97324.0         98204.0         99588.0         99156.0         99496.0         98784.0         100490.         99712.0         99746.0         96850.0         94530.0         97046.0         98026.0         98474.0         97612.0         98670.0         98280.0         98580.0         99182.0         98424.0         97064.0         98880.0         98542.0         95276.0         95190.0         94146.0         96082.0         96856.0         96128.0         99394.0         100622.         97684.0         97692.0         95498.0         0.00000         0.00000         0.00000         0.00000         0.00000         0.00000         0.00000         0.00000         0.00000         0.00000         0.00000         0.00000         0.00000         0.00000  
  20         1299.05         98308.0         97044.0         96284.0         97440.0         98086.0         98444.0         99304.0         99804.0         98798.0         100426.         99724.0         99824.0         96920.0         94356.0         97210.0         97594.0         98672.0         97604.0         98524.0         98282.0         98630.0         98026.0         98668.0         96966.0         98788.0         98536.0         95062.0         95342.0         94154.0         96110.0         97010.0         96108.0         99440.0         100592.         97720.0         97892.0         95644.0         0.00000         0.00000         0.00000         0.00000         0.00000         0.00000         0.00000         0.00000         0.00000         0.00000         0.00000         0.00000         0.00000         0.00000  
  21         1299.55         98510.0         97236.0         96402.0         97518.0         98224.0         99900.0         99138.0         99644.0         98762.0         100404.         99860.0         99896.0         96986.0         94512.0         97406.0         97538.0         98560.0         97538.0         98594.0         98354.0         98814.0         99126.0         98378.0         96830.0         99000.0         98452.0         95176.0         95420.0         94300.0         96478.0         97186.0         96074.0         99352.0         100496.         97638.0         97776.0         95652.0         0.00000         0.00000         0.00000         0.00000         0.00000         0.00000         0.00000         0.00000         0.00000         0.00000         0.00000         0.00000         0.00000         0.00000  
  22         1300.05         98312.0         97098.0         96558.0         97482.0         98382.0         99866.0         99040.0         99726.0         98660.0         100512.         99436.0         99982.0         96756.0         94274.0         97262.0         97594.0         98076.0         97460.0         98604.0         98368.0         99026.0         99096.0         98112.0         96790.0         98760.0         98094.0         95354.0         95548.0         94146.0         96496.0         97018.0         96242.0         99506.0         100282.         97618.0         97642.0         95568.0         0.00000         0.00000         0.00000         0.00000         0.00000         0.00000         0.00000         0.00000         0.00000         0.00000         0.00000         0.00000         0.00000         0.00000  
  23         1300.55         98290.0         96930.0         96516.0         97544.0         98418.0         100032.         99376.0         99668.0         98610.0         100528.         99454.0         99800.0         96436.0         94216.0         97502.0         97598.0         98250.0         97594.0         98772.0         98186.0         98984.0         97314.0         98062.0         96530.0         98588.0         98306.0         95230.0         95466.0         92852.0         96448.0         97012.0         96220.0         99554.0         100448.         97644.0         97772.0         95784.0         0.00000         0.00000         0.00000         0.00000         0.00000         0.00000         0.00000         0.00000         0.00000         0.00000         0.00000         0.00000         0.00000         0.00000  
  24         1301.05         98020.0         96544.0         96754.0         97680.0         98506.0         99930.0         99014.0         99850.0         98896.0         100546.         99564.0         99966.0         96742.0         94214.0         97522.0         97460.0         98636.0         97426.0         98706.0         98390.0         98674.0         98960.0         97716.0         96550.0         98578.0         98188.0         95072.0         95626.0         94526.0         96598.0         97078.0         96330.0         99440.0         100400.         97550.0         97642.0         95610.0         0.00000         0.00000         0.00000         0.00000         0.00000         0.00000         0.00000         0.00000         0.00000         0.00000         0.00000         0.00000         0.00000         0.00000  
  25         1301.55         97708.0         96656.0         96712.0         97372.0         98594.0         99686.0         98846.0         99844.0         98488.0         100552.         99888.0         100016.         96708.0         94066.0         97664.0         97498.0         98268.0         97612.0         98662.0         98460.0         98706.0         97316.0         97900.0         96852.0         98684.0         98076.0         95004.0         95850.0         94496.0         96530.0         96890.0         96240.0         99834.0         100084.         97584.0         97702.0         95702.0         0.00000         0.00000         0.00000         0.00000         0.00000         0.00000         0.00000         0.00000         0.00000         0.00000         0.00000         0.00000         0.00000         0.00000  
  26         1302.05         97796.0         96466.0         96588.0         97386.0         98932.0         99842.0         99250.0         99622.0         98490.0         100394.         99872.0         99570.0         96510.0         94254.0         97788.0         97522.0         98514.0         97278.0         98742.0         98508.0         98908.0         99050.0         98114.0         96636.0         98566.0         97854.0         94762.0         95756.0         94506.0         96846.0         96946.0         96278.0         99832.0         100202.         97610.0         97650.0         95616.0         0.00000         0.00000         0.00000         0.00000         0.00000         0.00000         0.00000         0.00000         0.00000         0.00000         0.00000         0.00000         0.00000         0.00000  
  27         1302.55         97950.0         95436.0         96682.0         97508.0         99102.0         100160.         99260.0         99692.0         98652.0         100266.         99502.0         99580.0         96416.0         94390.0         97882.0         97554.0         98384.0         97746.0         98814.0         98162.0         98878.0         99152.0         97836.0         96524.0         98426.0         97748.0         93854.0         95784.0         94624.0         96780.0         97006.0         96374.0         99962.0         100400.         97652.0         97636.0         95616.0         0.00000         0.00000         0.00000         0.00000         0.00000         0.00000         0.00000         0.00000         0.00000         0.00000         0.00000         0.00000         0.00000         0.00000  
  28         1303.05         98104.0         96412.0         96628.0         97578.0         98696.0         99836.0         99152.0         99802.0         98396.0         100336.         100056.         99428.0         96528.0         94330.0         97720.0         97362.0         98434.0         97678.0         98368.0         98058.0         98584.0         89232.0         97498.0         96760.0         98660.0         97722.0         95052.0         95712.0         94986.0         96978.0         96972.0         96256.0         100028.         100198.         97580.0         97360.0         95806.0         0.00000         0.00000         0.00000         0.00000         0.00000         0.00000         0.00000         0.00000         0.00000         0.00000         0.00000         0.00000         0.00000         0.00000  
  29         1303.55         97784.0         96350.0         96872.0         97286.0         99080.0         99604.0         99068.0         99560.0         98524.0         100514.         100206.         99226.0         96150.0         94386.0         98140.0         97442.0         98642.0         98024.0         98644.0         98416.0         98580.0         90428.0         97572.0         96636.0         98700.0         97356.0         95056.0         95872.0         94934.0         96820.0         96970.0         96220.0         100196.         100130.         97628.0         97246.0         96112.0         0.00000         0.00000         0.00000         0.00000         0.00000         0.00000         0.00000         0.00000         0.00000         0.00000         0.00000         0.00000         0.00000         0.00000  
  30         1304.05         98092.0         96500.0         96682.0         97228.0         99110.0         99748.0         98894.0         99348.0         98644.0         100490.         100274.         98726.0         96140.0         94272.0         98208.0         97620.0         98602.0         98070.0         98744.0         98186.0         98802.0         98922.0         97518.0         96776.0         98772.0         96886.0         94822.0         95788.0         95018.0         96884.0         97198.0         96216.0         100076.         100170.         97486.0         96996.0         96142.0         0.00000         0.00000         0.00000         0.00000         0.00000         0.00000         0.00000         0.00000         0.00000         0.00000         0.00000         0.00000         0.00000         0.00000  
  31         1304.55         97978.0         96436.0         96866.0         97638.0         99164.0         99678.0         99060.0         99350.0         98628.0         100386.         100128.         98648.0         95982.0         94184.0         98238.0         97156.0         98768.0         97918.0         98500.0         98226.0         98816.0         98898.0         97456.0         96844.0         98656.0         97026.0         94952.0         95594.0         95016.0         96936.0         97094.0         96216.0         100174.         100212.         97370.0         97296.0         96314.0         0.00000         0.00000         0.00000         0.00000         0.00000         0.00000         0.00000         0.00000         0.00000         0.00000         0.00000         0.00000         0.00000         0.00000  
  32         1305.05         97926.0         96564.0         96920.0         97674.0         99188.0         99704.0         99074.0         99496.0         98554.0         100450.         100164.         98606.0         95906.0         94300.0         98174.0         97004.0         98700.0         97984.0         98580.0         98222.0         98680.0         87384.0         97464.0         96638.0         97610.0         96748.0         94838.0         95606.0         95274.0         96778.0         97156.0         96370.0         100450.         100252.         97368.0         97280.0         96240.0         0.00000         0.00000         0.00000         0.00000         0.00000         0.00000         0.00000         0.00000         0.00000         0.00000         0.00000         0.00000         0.00000         0.00000  
  33         1305.55         98174.0         96456.0         96862.0         97548.0         99352.0         99628.0         99216.0         99186.0         98716.0         100192.         100274.         98516.0         95634.0         94184.0         98250.0         96718.0         98704.0         98090.0         98464.0         98030.0         98542.0         99108.0         97204.0         96684.0         98914.0         97092.0         95214.0         95556.0         95454.0         96646.0         97174.0         96434.0         100176.         100400.         97296.0         96990.0         96174.0         0.00000         0.00000         0.00000         0.00000         0.00000         0.00000         0.00000         0.00000         0.00000         0.00000         0.00000         0.00000         0.00000         0.00000  
  34         1306.05         98112.0         96206.0         96932.0         97436.0         99334.0         99736.0         99064.0         99394.0         98866.0         100406.         100118.         98232.0         95442.0         94238.0         98432.0         97374.0         98664.0         98150.0         98274.0         97970.0         98844.0         99130.0         97276.0         96794.0         98972.0         97008.0         95134.0         95692.0         95328.0         96518.0         97250.0         96364.0         100408.         100104.         97558.0         96870.0         96474.0         0.00000         0.00000         0.00000         0.00000         0.00000         0.00000         0.00000         0.00000         0.00000         0.00000         0.00000         0.00000         0.00000         0.00000  
  35         1306.55         98082.0         96446.0         96830.0         97530.0         99260.0         99418.0         99124.0         99318.0         98634.0         100448.         100400.         97912.0         95300.0         94376.0         98344.0         97230.0         98794.0         98088.0         98282.0         97872.0         98698.0         99002.0         97092.0         96636.0         99050.0         96954.0         95236.0         95608.0         95346.0         96624.0         97346.0         96438.0         100304.         99946.0         97414.0         96972.0         96590.0         0.00000         0.00000         0.00000         0.00000         0.00000         0.00000         0.00000         0.00000         0.00000         0.00000         0.00000         0.00000         0.00000         0.00000  
  36         1307.05         98062.0         96552.0         96910.0         97548.0         99388.0         99604.0         99098.0         99228.0         98648.0         100432.         100260.         98000.0         95386.0         94510.0         98346.0         97218.0         98600.0         97814.0         98392.0         97816.0         99050.0         99060.0         97222.0         96712.0         99080.0         96616.0         95414.0         95738.0         95492.0         96506.0         97356.0         96564.0         100486.         99734.0         97214.0         96968.0         96492.0         0.00000         0.00000         0.00000         0.00000         0.00000         0.00000         0.00000         0.00000         0.00000         0.00000         0.00000         0.00000         0.00000         0.00000  
  37         1307.55         98254.0         96318.0         97048.0         97508.0         99402.0         99902.0         99214.0         98904.0         98792.0         100152.         100476.         97786.0         95172.0         94424.0         98262.0         97262.0         98314.0         98290.0         98532.0         97878.0         99094.0         99164.0         97190.0         96674.0         99112.0         96804.0         95346.0         95632.0         95824.0         96534.0         96960.0         96404.0         100218.         99738.0         97290.0         97020.0         96478.0         0.00000         0.00000         0.00000         0.00000         0.00000         0.00000         0.00000         0.00000         0.00000         0.00000         0.00000         0.00000         0.00000         0.00000  
  38         1308.05         98128.0         96460.0         96972.0         97432.0         99362.0         99694.0         99078.0         98826.0         98706.0         100106.         100334.         97762.0         95272.0         93360.0         98570.0         97110.0         98540.0         98424.0         98280.0         97842.0         99132.0         99136.0         97252.0         96682.0         98748.0         96864.0         95134.0         95748.0         95796.0         95160.0         96846.0         96588.0         100090.         99738.0         97056.0         96758.0         96928.0         0.00000         0.00000         0.00000         0.00000         0.00000         0.00000         0.00000         0.00000         0.00000         0.00000         0.00000         0.00000         0.00000         0.00000  
  39         1308.55         98142.0         96510.0         96904.0         97572.0         99504.0         99638.0         99668.0         99066.0         98826.0         100328.         100410.         97636.0         95158.0         94652.0         98234.0         96934.0         98520.0         98462.0         98066.0         97790.0         98840.0         99150.0         97286.0         96662.0         98832.0         96740.0         95328.0         95578.0         95714.0         96840.0         96910.0         96290.0         100444.         99618.0         97270.0         96674.0         96816.0         0.00000         0.00000         0.00000         0.00000         0.00000         0.00000         0.00000         0.00000         0.00000         0.00000         0.00000         0.00000         0.00000         0.00000  
  40         1309.05         98228.0         96660.0         96882.0         97520.0         99640.0         99626.0         99462.0         98958.0         98688.0         100316.         100404.         97314.0         94914.0         94766.0         98434.0         97186.0         98192.0         98436.0         98032.0         97738.0         98860.0         99272.0         97378.0         96744.0         98934.0         96630.0         95268.0         95892.0         95912.0         96738.0         96826.0         96232.0         100426.         99644.0         97092.0         96556.0         96756.0         0.00000         0.00000         0.00000         0.00000         0.00000         0.00000         0.00000         0.00000         0.00000         0.00000         0.00000         0.00000         0.00000         0.00000  
  41         1309.55         98200.0         96516.0         96738.0         97458.0         99644.0         99442.0         99476.0         99006.0         98886.0         100014.         100242.         97566.0         95038.0         91874.0         98222.0         97412.0         98478.0         98488.0         98046.0         97838.0         98736.0         98960.0         97398.0         96500.0         98958.0         96640.0         95538.0         95934.0         95732.0         96794.0         96312.0         96344.0         100442.         99644.0         97060.0         96620.0         96982.0         0.00000         0.00000         0.00000         0.00000         0.00000         0.00000         0.00000         0.00000         0.00000         0.00000         0.00000         0.00000         0.00000         0.00000  
  42         1310.05         98252.0         96636.0         96618.0         97526.0         99768.0         99396.0         99588.0         98826.0         98954.0         100022.         100364.         97374.0         95108.0         94878.0         98322.0         97424.0         98436.0         98726.0         97774.0         97982.0         99050.0         98876.0         97252.0         96514.0         98252.0         96446.0         95230.0         95606.0         95710.0         96732.0         96728.0         96228.0         100626.         99274.0         96916.0         96388.0         96920.0         0.00000         0.00000         0.00000         0.00000         0.00000         0.00000         0.00000         0.00000         0.00000         0.00000         0.00000         0.00000         0.00000         0.00000  
  43         1310.55         98478.0         96604.0         96970.0         97542.0         99600.0         99436.0         99512.0         98680.0         98878.0         100164.         100682.         97446.0         94682.0         91908.0         98016.0         97674.0         98212.0         98760.0         96628.0         98016.0         99302.0         99004.0         97368.0         96572.0         98052.0         96366.0         95566.0         96150.0         95686.0         96976.0         96608.0         96278.0         100792.         99366.0         97112.0         96218.0         97086.0         0.00000         0.00000         0.00000         0.00000         0.00000         0.00000         0.00000         0.00000         0.00000         0.00000         0.00000         0.00000         0.00000         0.00000  
  44         1311.05         98430.0         96740.0         96736.0         97878.0         99670.0         99352.0         99568.0         98864.0         98996.0         99992.0         100412.         97428.0         94782.0         94952.0         98408.0         97552.0         98530.0         98910.0         97980.0         98026.0         99312.0         98836.0         88920.0         96784.0         98164.0         96542.0         95508.0         95822.0         95844.0         96810.0         96442.0         96368.0         100708.         98930.0         96912.0         96216.0         97330.0         0.00000         0.00000         0.00000         0.00000         0.00000         0.00000         0.00000         0.00000         0.00000         0.00000         0.00000         0.00000         0.00000         0.00000  
  45         1311.55         98610.0         96608.0         96826.0         97838.0         99664.0         99116.0         99530.0         98856.0         99248.0         100228.         100568.         97262.0         94624.0         92690.0         98044.0         97836.0         98350.0         99082.0         97812.0         97988.0         99174.0         98684.0         96832.0         96594.0         98216.0         96546.0         95350.0         96004.0         95768.0         97008.0         96254.0         96676.0         100812.         99048.0         96962.0         96076.0         96952.0         0.00000         0.00000         0.00000         0.00000         0.00000         0.00000         0.00000         0.00000         0.00000         0.00000         0.00000         0.00000         0.00000         0.00000  
  46         1312.05         99012.0         96796.0         97004.0         97728.0         99608.0         99156.0         99262.0         98528.0         99140.0         100300.         100588.         97312.0         94342.0         95270.0         97942.0         97780.0         98592.0         99036.0         97748.0         98154.0         99320.0         98446.0         96156.0         96632.0         98176.0         95328.0         95552.0         96070.0         95898.0         96958.0         96404.0         96628.0         100920.         98836.0         96780.0         95996.0         96846.0         0.00000         0.00000         0.00000         0.00000         0.00000         0.00000         0.00000         0.00000         0.00000         0.00000         0.00000         0.00000         0.00000         0.00000  
  47         1312.55         99198.0         96758.0         96892.0         97890.0         99588.0         99344.0         99500.0         98988.0         99296.0         100022.         100308.         97252.0         94326.0         94854.0         97882.0         97986.0         98776.0         98998.0         98000.0         98170.0         99734.0         98504.0         97274.0         96602.0         98096.0         96582.0         95764.0         95934.0         95726.0         96986.0         96416.0         96630.0         101244.         98762.0         96572.0         95926.0         96996.0         0.00000         0.00000         0.00000         0.00000         0.00000         0.00000         0.00000         0.00000         0.00000         0.00000         0.00000         0.00000         0.00000         0.00000  
  48         1313.05         99154.0         96800.0         96816.0         97758.0         99422.0         99190.0         99768.0         99030.0         99198.0         99876.0         100488.         96668.0         94058.0         95500.0         97606.0         97942.0         98836.0         99254.0         97704.0         98012.0         99380.0         98614.0         85048.0         96752.0         97964.0         96536.0         95892.0         95684.0         95820.0         96818.0         96256.0         96678.0         101254.         98668.0         96540.0         95832.0         97116.0         0.00000         0.00000         0.00000         0.00000         0.00000         0.00000         0.00000         0.00000         0.00000         0.00000         0.00000         0.00000         0.00000         0.00000  
  49         1313.55         99092.0         96728.0         96906.0         97884.0         99632.0         98958.0         99574.0         98080.0         99336.0         100074.         100484.         97326.0         93844.0         76980.0         97690.0         97952.0         98848.0         98740.0         97580.0         98070.0         99440.0         98544.0         97260.0         96916.0         97810.0         96542.0         95822.0         95842.0         95922.0         96882.0         96254.0         96866.0         101508.         98894.0         96572.0         95848.0         97034.0         0.00000         0.00000         0.00000         0.00000         0.00000         0.00000         0.00000         0.00000         0.00000         0.00000         0.00000         0.00000         0.00000         0.00000  
  50         1314.05         99202.0         96700.0         97312.0         97992.0         99780.0         99078.0         99716.0         99572.0         99374.0         100000.         100404.         97364.0         93726.0         95732.0         97864.0         98314.0         98594.0         99144.0         97548.0         98076.0         99584.0         98616.0         97258.0         96720.0         97880.0         96310.0         95826.0         95872.0         95790.0         96792.0         96156.0         96804.0         101476.         98670.0         96682.0         95702.0         97134.0         0.00000         0.00000         0.00000         0.00000         0.00000         0.00000         0.00000         0.00000         0.00000         0.00000         0.00000         0.00000         0.00000         0.00000  
  51         1314.55         99266.0         96690.0         97222.0         98194.0         99660.0         99238.0         99888.0         99554.0         99676.0         99936.0         100032.         97220.0         93906.0         95514.0         97916.0         98134.0         98718.0         98930.0         97556.0         98122.0         99644.0         98500.0         97108.0         96648.0         97960.0         96306.0         95688.0         95696.0         96162.0         96694.0         96026.0         96734.0         101660.         98184.0         96746.0         95958.0         97174.0         0.00000         0.00000         0.00000         0.00000         0.00000         0.00000         0.00000         0.00000         0.00000         0.00000         0.00000         0.00000         0.00000         0.00000  
