; FILE:  /home/2-iddf/data12c3/Alix_NWU/mda/2iddf_0012.mda
; Title:  Image#4 (2iddf:scaler1_cts1.D) - D4
; Scan # =       12 ,  Detector # =        4 ,   col=       51 ,   row=       51
;            Yvalue:        -1712.03        -1711.53        -1711.03        -1710.53        -1710.03        -1709.53        -1709.03        -1708.53        -1708.03        -1707.53        -1707.03        -1706.53        -1706.03        -1705.53        -1705.03        -1704.53        -1704.03        -1703.53        -1703.03        -1702.53        -1702.03        -1701.53        -1701.03        -1700.53        -1700.03        -1699.53        -1699.03        -1698.53        -1698.03        -1697.53        -1697.03        -1696.53        -1696.03        -1695.53        -1695.03        -1694.53        -1694.03         0.00000         0.00000         0.00000         0.00000         0.00000         0.00000         0.00000         0.00000         0.00000         0.00000         0.00000         0.00000         0.00000         0.00000 
;             Yindex               1               2               3               4               5               6               7               8               9              10              11              12              13              14              15              16              17              18              19              20              21              22              23              24              25              26              27              28              29              30              31              32              33              34              35              36              37              38              39              40              41              42              43              44              45              46              47              48              49              50              51 
; Xindex,    Xvalue,        Image(I,J) Array
   1         1289.55         126.000         126.000         128.000         100.000         112.000         132.000         110.000         120.000         138.000         118.000         132.000         124.000         110.000         138.000         102.000         116.000         102.000         112.000         134.000         104.000         104.000         118.000         114.000         114.000         120.000         100.000         104.000         108.000         104.000         120.000         116.000         116.000         100.000         124.000         122.000         112.000         118.000         0.00000         0.00000         0.00000         0.00000         0.00000         0.00000         0.00000         0.00000         0.00000         0.00000         0.00000         0.00000         0.00000         0.00000  
   2         1290.05         142.000         110.000         136.000         118.000         112.000         132.000         124.000         118.000         104.000         126.000         122.000         134.000         110.000         120.000         144.000         136.000         106.000         96.0000         126.000         114.000         126.000         144.000         118.000         96.0000         106.000         116.000         124.000         130.000         114.000         134.000         94.0000         122.000         106.000         114.000         110.000         116.000         106.000         0.00000         0.00000         0.00000         0.00000         0.00000         0.00000         0.00000         0.00000         0.00000         0.00000         0.00000         0.00000         0.00000         0.00000  
   3         1290.55         128.000         122.000         130.000         108.000         120.000         130.000         110.000         126.000         122.000         126.000         126.000         110.000         116.000         126.000         116.000         122.000         104.000         100.000         128.000         114.000         118.000         96.0000         122.000         130.000         118.000         110.000         98.0000         120.000         102.000         130.000         116.000         120.000         106.000         128.000         98.0000         122.000         124.000         0.00000         0.00000         0.00000         0.00000         0.00000         0.00000         0.00000         0.00000         0.00000         0.00000         0.00000         0.00000         0.00000         0.00000  
   4         1291.05         132.000         128.000         126.000         130.000         114.000         130.000         132.000         94.0000         102.000         126.000         126.000         124.000         122.000         122.000         132.000         126.000         112.000         124.000         114.000         122.000         122.000         130.000         124.000         128.000         112.000         118.000         122.000         124.000         110.000         132.000         108.000         122.000         106.000         138.000         100.000         116.000         102.000         0.00000         0.00000         0.00000         0.00000         0.00000         0.00000         0.00000         0.00000         0.00000         0.00000         0.00000         0.00000         0.00000         0.00000  
   5         1291.55         128.000         132.000         130.000         106.000         118.000         118.000         134.000         102.000         110.000         122.000         126.000         108.000         130.000         116.000         134.000         126.000         106.000         106.000         112.000         130.000         128.000         116.000         122.000         110.000         130.000         116.000         100.000         122.000         124.000         134.000         106.000         120.000         114.000         132.000         92.0000         110.000         104.000         0.00000         0.00000         0.00000         0.00000         0.00000         0.00000         0.00000         0.00000         0.00000         0.00000         0.00000         0.00000         0.00000         0.00000  
   6         1292.05         126.000         132.000         122.000         110.000         102.000         114.000         104.000         134.000         110.000         124.000         120.000         112.000         116.000         124.000         128.000         142.000         122.000         106.000         104.000         124.000         110.000         116.000         110.000         136.000         114.000         100.000         140.000         114.000         124.000         136.000         124.000         124.000         122.000         124.000         112.000         126.000         112.000         0.00000         0.00000         0.00000         0.00000         0.00000         0.00000         0.00000         0.00000         0.00000         0.00000         0.00000         0.00000         0.00000         0.00000  
   7         1292.55         114.000         140.000         126.000         110.000         124.000         126.000         122.000         136.000         122.000         108.000         126.000         126.000         122.000         116.000         138.000         142.000         128.000         100.000         114.000         118.000         124.000         102.000         118.000         132.000         114.000         104.000         126.000         120.000         126.000         144.000         122.000         112.000         114.000         126.000         110.000         122.000         120.000         0.00000         0.00000         0.00000         0.00000         0.00000         0.00000         0.00000         0.00000         0.00000         0.00000         0.00000         0.00000         0.00000         0.00000  
   8         1293.05         100.000         136.000         120.000         104.000         118.000         138.000         130.000         128.000         116.000         110.000         126.000         124.000         114.000         106.000         138.000         150.000         128.000         106.000         134.000         118.000         142.000         108.000         106.000         126.000         126.000         108.000         134.000         120.000         122.000         142.000         120.000         112.000         130.000         122.000         114.000         118.000         114.000         0.00000         0.00000         0.00000         0.00000         0.00000         0.00000         0.00000         0.00000         0.00000         0.00000         0.00000         0.00000         0.00000         0.00000  
   9         1293.55         120.000         130.000         112.000         108.000         94.0000         118.000         126.000         124.000         114.000         108.000         114.000         114.000         114.000         130.000         138.000         144.000         124.000         98.0000         114.000         126.000         124.000         110.000         98.0000         122.000         120.000         122.000         106.000         118.000         116.000         118.000         102.000         110.000         114.000         120.000         104.000         108.000         130.000         0.00000         0.00000         0.00000         0.00000         0.00000         0.00000         0.00000         0.00000         0.00000         0.00000         0.00000         0.00000         0.00000         0.00000  
  10         1294.05         102.000         114.000         136.000         150.000         106.000         128.000         124.000         142.000         130.000         118.000         116.000         118.000         110.000         116.000         122.000         134.000         122.000         126.000         120.000         104.000         118.000         118.000         120.000         134.000         122.000         126.000         124.000         126.000         124.000         140.000         112.000         120.000         102.000         116.000         106.000         96.0000         104.000         0.00000         0.00000         0.00000         0.00000         0.00000         0.00000         0.00000         0.00000         0.00000         0.00000         0.00000         0.00000         0.00000         0.00000  
  11         1294.55         100.000         122.000         118.000         120.000         108.000         122.000         120.000         124.000         136.000         108.000         134.000         116.000         118.000         126.000         124.000         136.000         120.000         120.000         130.000         100.000         118.000         132.000         106.000         136.000         110.000         132.000         116.000         130.000         118.000         138.000         120.000         104.000         116.000         128.000         98.0000         96.0000         100.000         0.00000         0.00000         0.00000         0.00000         0.00000         0.00000         0.00000         0.00000         0.00000         0.00000         0.00000         0.00000         0.00000         0.00000  
  12         1295.05         118.000         124.000         120.000         122.000         130.000         128.000         128.000         116.000         130.000         122.000         110.000         112.000         120.000         110.000         132.000         134.000         146.000         106.000         136.000         120.000         130.000         130.000         84.0000         134.000         106.000         124.000         108.000         126.000         112.000         138.000         94.0000         102.000         114.000         132.000         104.000         96.0000         106.000         0.00000         0.00000         0.00000         0.00000         0.00000         0.00000         0.00000         0.00000         0.00000         0.00000         0.00000         0.00000         0.00000         0.00000  
  13         1295.55         114.000         122.000         110.000         130.000         100.000         134.000         110.000         122.000         106.000         110.000         126.000         108.000         116.000         118.000         120.000         138.000         132.000         130.000         124.000         96.0000         126.000         126.000         130.000         128.000         126.000         134.000         124.000         128.000         122.000         116.000         114.000         106.000         114.000         118.000         116.000         110.000         110.000         0.00000         0.00000         0.00000         0.00000         0.00000         0.00000         0.00000         0.00000         0.00000         0.00000         0.00000         0.00000         0.00000         0.00000  
  14         1296.05         124.000         118.000         102.000         120.000         118.000         116.000         102.000         108.000         122.000         106.000         116.000         112.000         130.000         104.000         122.000         130.000         150.000         102.000         132.000         132.000         120.000         136.000         106.000         136.000         114.000         108.000         122.000         128.000         118.000         136.000         120.000         114.000         110.000         142.000         108.000         118.000         120.000         0.00000         0.00000         0.00000         0.00000         0.00000         0.00000         0.00000         0.00000         0.00000         0.00000         0.00000         0.00000         0.00000         0.00000  
  15         1296.55         126.000         116.000         102.000         122.000         122.000         110.000         114.000         110.000         134.000         118.000         122.000         102.000         132.000         114.000         122.000         128.000         148.000         116.000         134.000         106.000         110.000         138.000         104.000         136.000         114.000         102.000         118.000         122.000         132.000         136.000         128.000         86.0000         108.000         138.000         114.000         124.000         124.000         0.00000         0.00000         0.00000         0.00000         0.00000         0.00000         0.00000         0.00000         0.00000         0.00000         0.00000         0.00000         0.00000         0.00000  
  16         1297.05         122.000         124.000         104.000         122.000         106.000         130.000         134.000         112.000         138.000         104.000         126.000         114.000         126.000         110.000         138.000         122.000         154.000         120.000         122.000         124.000         96.0000         126.000         130.000         146.000         112.000         122.000         120.000         132.000         120.000         138.000         122.000         80.0000         124.000         126.000         112.000         104.000         122.000         0.00000         0.00000         0.00000         0.00000         0.00000         0.00000         0.00000         0.00000         0.00000         0.00000         0.00000         0.00000         0.00000         0.00000  
  17         1297.55         114.000         134.000         110.000         128.000         104.000         116.000         120.000         110.000         114.000         108.000         118.000         126.000         132.000         108.000         120.000         126.000         128.000         132.000         120.000         96.0000         108.000         144.000         130.000         124.000         124.000         104.000         110.000         126.000         112.000         118.000         118.000         102.000         110.000         130.000         104.000         112.000         120.000         0.00000         0.00000         0.00000         0.00000         0.00000         0.00000         0.00000         0.00000         0.00000         0.00000         0.00000         0.00000         0.00000         0.00000  
  18         1298.05         100.000         122.000         112.000         120.000         104.000         128.000         128.000         118.000         98.0000         104.000         120.000         118.000         138.000         122.000         110.000         118.000         122.000         126.000         112.000         94.0000         116.000         136.000         112.000         128.000         128.000         102.000         106.000         124.000         122.000         118.000         108.000         112.000         128.000         130.000         98.0000         114.000         102.000         0.00000         0.00000         0.00000         0.00000         0.00000         0.00000         0.00000         0.00000         0.00000         0.00000         0.00000         0.00000         0.00000         0.00000  
  19         1298.55         110.000         120.000         128.000         120.000         108.000         134.000         140.000         112.000         96.0000         110.000         124.000         116.000         140.000         128.000         114.000         116.000         124.000         132.000         108.000         96.0000         126.000         130.000         110.000         114.000         124.000         114.000         118.000         110.000         128.000         128.000         102.000         106.000         126.000         124.000         104.000         128.000         112.000         0.00000         0.00000         0.00000         0.00000         0.00000         0.00000         0.00000         0.00000         0.00000         0.00000         0.00000         0.00000         0.00000         0.00000  
  20         1299.05         122.000         116.000         116.000         124.000         104.000         138.000         142.000         118.000         80.0000         120.000         136.000         124.000         130.000         142.000         122.000         112.000         126.000         118.000         108.000         104.000         114.000         126.000         104.000         118.000         110.000         136.000         114.000         118.000         126.000         122.000         106.000         106.000         126.000         114.000         104.000         114.000         118.000         0.00000         0.00000         0.00000         0.00000         0.00000         0.00000         0.00000         0.00000         0.00000         0.00000         0.00000         0.00000         0.00000         0.00000  
  21         1299.55         134.000         108.000         128.000         118.000         98.0000         130.000         124.000         112.000         100.000         136.000         138.000         124.000         124.000         134.000         120.000         106.000         120.000         110.000         106.000         118.000         108.000         118.000         118.000         114.000         108.000         134.000         98.0000         114.000         122.000         120.000         126.000         122.000         108.000         122.000         124.000         122.000         136.000         0.00000         0.00000         0.00000         0.00000         0.00000         0.00000         0.00000         0.00000         0.00000         0.00000         0.00000         0.00000         0.00000         0.00000  
  22         1300.05         132.000         110.000         96.0000         126.000         126.000         108.000         106.000         110.000         132.000         136.000         140.000         108.000         148.000         124.000         112.000         122.000         134.000         106.000         110.000         102.000         134.000         116.000         110.000         110.000         118.000         118.000         114.000         120.000         112.000         134.000         106.000         128.000         106.000         140.000         116.000         118.000         116.000         0.00000         0.00000         0.00000         0.00000         0.00000         0.00000         0.00000         0.00000         0.00000         0.00000         0.00000         0.00000         0.00000         0.00000  
  23         1300.55         130.000         120.000         102.000         122.000         124.000         110.000         116.000         118.000         126.000         130.000         134.000         118.000         142.000         128.000         112.000         134.000         132.000         128.000         108.000         108.000         116.000         120.000         102.000         112.000         114.000         134.000         128.000         124.000         120.000         134.000         106.000         130.000         112.000         142.000         100.000         126.000         126.000         0.00000         0.00000         0.00000         0.00000         0.00000         0.00000         0.00000         0.00000         0.00000         0.00000         0.00000         0.00000         0.00000         0.00000  
  24         1301.05         90.0000         112.000         118.000         124.000         114.000         142.000         120.000         140.000         106.000         98.0000         140.000         130.000         104.000         102.000         118.000         120.000         110.000         120.000         110.000         120.000         124.000         132.000         134.000         114.000         120.000         118.000         114.000         114.000         124.000         138.000         110.000         92.0000         114.000         126.000         118.000         116.000         122.000         0.00000         0.00000         0.00000         0.00000         0.00000         0.00000         0.00000         0.00000         0.00000         0.00000         0.00000         0.00000         0.00000         0.00000  
  25         1301.55         130.000         136.000         100.000         130.000         128.000         110.000         112.000         120.000         114.000         144.000         142.000         116.000         118.000         134.000         116.000         128.000         124.000         100.000         110.000         122.000         110.000         100.000         104.000         116.000         102.000         110.000         138.000         116.000         128.000         120.000         108.000         132.000         124.000         142.000         106.000         114.000         92.0000         0.00000         0.00000         0.00000         0.00000         0.00000         0.00000         0.00000         0.00000         0.00000         0.00000         0.00000         0.00000         0.00000         0.00000  
  26         1302.05         116.000         144.000         110.000         110.000         122.000         106.000         124.000         116.000         96.0000         114.000         138.000         110.000         126.000         116.000         94.0000         128.000         110.000         120.000         118.000         128.000         86.0000         124.000         142.000         126.000         116.000         124.000         142.000         118.000         136.000         118.000         112.000         118.000         106.000         134.000         116.000         98.0000         122.000         0.00000         0.00000         0.00000         0.00000         0.00000         0.00000         0.00000         0.00000         0.00000         0.00000         0.00000         0.00000         0.00000         0.00000  
  27         1302.55         110.000         136.000         108.000         108.000         120.000         102.000         128.000         114.000         98.0000         114.000         128.000         104.000         110.000         116.000         100.000         122.000         110.000         106.000         118.000         132.000         94.0000         104.000         122.000         118.000         112.000         114.000         124.000         112.000         130.000         102.000         116.000         140.000         110.000         132.000         124.000         92.0000         132.000         0.00000         0.00000         0.00000         0.00000         0.00000         0.00000         0.00000         0.00000         0.00000         0.00000         0.00000         0.00000         0.00000         0.00000  
  28         1303.05         104.000         102.000         124.000         126.000         94.0000         126.000         108.000         126.000         140.000         114.000         122.000         106.000         132.000         112.000         132.000         112.000         104.000         104.000         118.000         116.000         124.000         120.000         110.000         104.000         126.000         104.000         124.000         118.000         136.000         124.000         92.0000         106.000         126.000         142.000         108.000         126.000         104.000         0.00000         0.00000         0.00000         0.00000         0.00000         0.00000         0.00000         0.00000         0.00000         0.00000         0.00000         0.00000         0.00000         0.00000  
  29         1303.55         106.000         120.000         98.0000         110.000         116.000         86.0000         118.000         118.000         104.000         130.000         114.000         112.000         116.000         114.000         110.000         124.000         108.000         96.0000         112.000         124.000         98.0000         96.0000         124.000         106.000         118.000         128.000         124.000         122.000         132.000         94.0000         126.000         130.000         118.000         132.000         136.000         92.0000         118.000         0.00000         0.00000         0.00000         0.00000         0.00000         0.00000         0.00000         0.00000         0.00000         0.00000         0.00000         0.00000         0.00000         0.00000  
  30         1304.05         108.000         124.000         90.0000         120.000         114.000         110.000         116.000         114.000         98.0000         142.000         106.000         102.000         116.000         90.0000         108.000         120.000         110.000         108.000         92.0000         122.000         106.000         102.000         116.000         116.000         106.000         108.000         130.000         110.000         128.000         100.000         112.000         106.000         126.000         134.000         114.000         108.000         112.000         0.00000         0.00000         0.00000         0.00000         0.00000         0.00000         0.00000         0.00000         0.00000         0.00000         0.00000         0.00000         0.00000         0.00000  
  31         1304.55         100.000         124.000         100.000         118.000         112.000         112.000         98.0000         116.000         102.000         134.000         102.000         90.0000         126.000         106.000         96.0000         118.000         122.000         118.000         104.000         114.000         130.000         114.000         132.000         120.000         106.000         112.000         134.000         114.000         118.000         108.000         100.000         116.000         124.000         134.000         118.000         132.000         126.000         0.00000         0.00000         0.00000         0.00000         0.00000         0.00000         0.00000         0.00000         0.00000         0.00000         0.00000         0.00000         0.00000         0.00000  
  32         1305.05         114.000         116.000         100.000         112.000         108.000         124.000         98.0000         106.000         102.000         126.000         102.000         86.0000         116.000         106.000         102.000         118.000         112.000         110.000         110.000         120.000         134.000         108.000         110.000         114.000         110.000         98.0000         142.000         106.000         112.000         116.000         108.000         130.000         136.000         142.000         98.0000         136.000         122.000         0.00000         0.00000         0.00000         0.00000         0.00000         0.00000         0.00000         0.00000         0.00000         0.00000         0.00000         0.00000         0.00000         0.00000  
  33         1305.55         144.000         144.000         106.000         114.000         124.000         122.000         108.000         116.000         122.000         114.000         118.000         116.000         116.000         102.000         110.000         118.000         112.000         106.000         112.000         118.000         102.000         110.000         98.0000         114.000         138.000         102.000         138.000         110.000         120.000         80.0000         106.000         114.000         102.000         136.000         122.000         96.0000         108.000         0.00000         0.00000         0.00000         0.00000         0.00000         0.00000         0.00000         0.00000         0.00000         0.00000         0.00000         0.00000         0.00000         0.00000  
  34         1306.05         130.000         136.000         116.000         116.000         128.000         116.000         112.000         108.000         126.000         118.000         122.000         118.000         102.000         108.000         106.000         132.000         116.000         124.000         120.000         120.000         108.000         106.000         94.0000         118.000         128.000         112.000         140.000         114.000         130.000         94.0000         112.000         114.000         104.000         138.000         120.000         102.000         118.000         0.00000         0.00000         0.00000         0.00000         0.00000         0.00000         0.00000         0.00000         0.00000         0.00000         0.00000         0.00000         0.00000         0.00000  
  35         1306.55         102.000         118.000         112.000         106.000         122.000         96.0000         110.000         106.000         124.000         118.000         124.000         100.000         112.000         118.000         106.000         130.000         120.000         122.000         120.000         116.000         110.000         110.000         112.000         122.000         108.000         130.000         142.000         118.000         116.000         88.0000         122.000         128.000         86.0000         136.000         88.0000         126.000         124.000         0.00000         0.00000         0.00000         0.00000         0.00000         0.00000         0.00000         0.00000         0.00000         0.00000         0.00000         0.00000         0.00000         0.00000  
  36         1307.05         94.0000         116.000         114.000         120.000         122.000         106.000         110.000         110.000         136.000         128.000         122.000         112.000         88.0000         116.000         116.000         134.000         134.000         124.000         118.000         110.000         122.000         102.000         118.000         126.000         104.000         126.000         124.000         118.000         122.000         72.0000         124.000         126.000         104.000         132.000         94.0000         130.000         116.000         0.00000         0.00000         0.00000         0.00000         0.00000         0.00000         0.00000         0.00000         0.00000         0.00000         0.00000         0.00000         0.00000         0.00000  
  37         1307.55         104.000         124.000         112.000         112.000         112.000         102.000         108.000         108.000         128.000         116.000         104.000         98.0000         98.0000         124.000         120.000         128.000         130.000         124.000         116.000         120.000         128.000         110.000         122.000         112.000         110.000         130.000         114.000         114.000         120.000         92.0000         130.000         124.000         114.000         128.000         100.000         130.000         122.000         0.00000         0.00000         0.00000         0.00000         0.00000         0.00000         0.00000         0.00000         0.00000         0.00000         0.00000         0.00000         0.00000         0.00000  
  38         1308.05         104.000         128.000         116.000         120.000         120.000         104.000         120.000         124.000         122.000         120.000         96.0000         112.000         100.000         116.000         132.000         120.000         110.000         114.000         112.000         114.000         136.000         108.000         128.000         116.000         108.000         118.000         116.000         108.000         112.000         98.0000         128.000         112.000         126.000         142.000         118.000         126.000         128.000         0.00000         0.00000         0.00000         0.00000         0.00000         0.00000         0.00000         0.00000         0.00000         0.00000         0.00000         0.00000         0.00000         0.00000  
  39         1308.55         114.000         108.000         122.000         102.000         122.000         128.000         106.000         128.000         116.000         122.000         122.000         114.000         98.0000         120.000         108.000         120.000         108.000         118.000         112.000         100.000         104.000         116.000         108.000         98.0000         120.000         122.000         136.000         126.000         114.000         98.0000         114.000         122.000         116.000         134.000         116.000         120.000         122.000         0.00000         0.00000         0.00000         0.00000         0.00000         0.00000         0.00000         0.00000         0.00000         0.00000         0.00000         0.00000         0.00000         0.00000  
  40         1309.05         90.0000         118.000         110.000         108.000         126.000         108.000         114.000         130.000         132.000         120.000         118.000         122.000         102.000         134.000         114.000         116.000         104.000         108.000         106.000         92.0000         110.000         114.000         116.000         106.000         136.000         122.000         132.000         114.000         110.000         106.000         118.000         108.000         106.000         128.000         106.000         122.000         116.000         0.00000         0.00000         0.00000         0.00000         0.00000         0.00000         0.00000         0.00000         0.00000         0.00000         0.00000         0.00000         0.00000         0.00000  
  41         1309.55         108.000         124.000         128.000         124.000         122.000         114.000         112.000         134.000         108.000         130.000         86.0000         102.000         126.000         102.000         104.000         128.000         78.0000         126.000         122.000         120.000         130.000         122.000         134.000         114.000         108.000         136.000         112.000         118.000         108.000         118.000         116.000         98.0000         106.000         140.000         108.000         128.000         134.000         0.00000         0.00000         0.00000         0.00000         0.00000         0.00000         0.00000         0.00000         0.00000         0.00000         0.00000         0.00000         0.00000         0.00000  
  42         1310.05         130.000         86.0000         114.000         106.000         120.000         102.000         118.000         120.000         102.000         114.000         130.000         124.000         110.000         130.000         128.000         114.000         104.000         100.000         114.000         112.000         124.000         130.000         116.000         102.000         126.000         120.000         124.000         114.000         120.000         120.000         116.000         100.000         92.0000         116.000         110.000         126.000         104.000         0.00000         0.00000         0.00000         0.00000         0.00000         0.00000         0.00000         0.00000         0.00000         0.00000         0.00000         0.00000         0.00000         0.00000  
  43         1310.55         120.000         98.0000         130.000         104.000         134.000         102.000         126.000         134.000         124.000         118.000         118.000         104.000         108.000         108.000         110.000         118.000         98.0000         116.000         116.000         122.000         118.000         120.000         144.000         106.000         128.000         118.000         116.000         128.000         106.000         120.000         112.000         118.000         108.000         126.000         112.000         110.000         134.000         0.00000         0.00000         0.00000         0.00000         0.00000         0.00000         0.00000         0.00000         0.00000         0.00000         0.00000         0.00000         0.00000         0.00000  
  44         1311.05         108.000         120.000         118.000         90.0000         100.000         112.000         130.000         106.000         94.0000         120.000         108.000         122.000         104.000         118.000         104.000         120.000         106.000         96.0000         138.000         116.000         126.000         100.000         110.000         108.000         122.000         132.000         110.000         130.000         102.000         106.000         124.000         92.0000         104.000         116.000         102.000         116.000         112.000         0.00000         0.00000         0.00000         0.00000         0.00000         0.00000         0.00000         0.00000         0.00000         0.00000         0.00000         0.00000         0.00000         0.00000  
  45         1311.55         118.000         90.0000         126.000         106.000         116.000         112.000         104.000         120.000         118.000         124.000         124.000         110.000         92.0000         102.000         108.000         132.000         110.000         120.000         100.000         130.000         102.000         128.000         102.000         96.0000         116.000         114.000         118.000         122.000         112.000         122.000         108.000         116.000         124.000         136.000         104.000         106.000         140.000         0.00000         0.00000         0.00000         0.00000         0.00000         0.00000         0.00000         0.00000         0.00000         0.00000         0.00000         0.00000         0.00000         0.00000  
  46         1312.05         120.000         82.0000         122.000         100.000         118.000         128.000         102.000         100.000         120.000         128.000         120.000         108.000         112.000         118.000         118.000         122.000         114.000         114.000         118.000         114.000         90.0000         118.000         106.000         90.0000         118.000         118.000         124.000         130.000         124.000         116.000         118.000         116.000         120.000         126.000         110.000         108.000         140.000         0.00000         0.00000         0.00000         0.00000         0.00000         0.00000         0.00000         0.00000         0.00000         0.00000         0.00000         0.00000         0.00000         0.00000  
  47         1312.55         114.000         134.000         124.000         112.000         110.000         88.0000         118.000         124.000         116.000         130.000         116.000         130.000         112.000         118.000         102.000         110.000         102.000         108.000         106.000         116.000         126.000         110.000         98.0000         130.000         122.000         112.000         112.000         118.000         96.0000         138.000         118.000         112.000         118.000         144.000         104.000         124.000         130.000         0.00000         0.00000         0.00000         0.00000         0.00000         0.00000         0.00000         0.00000         0.00000         0.00000         0.00000         0.00000         0.00000         0.00000  
  48         1313.05         118.000         114.000         110.000         114.000         108.000         108.000         116.000         120.000         124.000         130.000         126.000         128.000         112.000         128.000         102.000         114.000         100.000         116.000         122.000         114.000         122.000         106.000         98.0000         132.000         132.000         114.000         116.000         108.000         104.000         130.000         110.000         114.000         112.000         148.000         114.000         116.000         122.000         0.00000         0.00000         0.00000         0.00000         0.00000         0.00000         0.00000         0.00000         0.00000         0.00000         0.00000         0.00000         0.00000         0.00000  
  49         1313.55         120.000         142.000         124.000         126.000         122.000         132.000         102.000         116.000         104.000         96.0000         130.000         114.000         112.000         114.000         94.0000         118.000         102.000         126.000         126.000         104.000         110.000         126.000         134.000         80.0000         132.000         126.000         112.000         138.000         118.000         132.000         120.000         112.000         106.000         112.000         130.000         110.000         128.000         0.00000         0.00000         0.00000         0.00000         0.00000         0.00000         0.00000         0.00000         0.00000         0.00000         0.00000         0.00000         0.00000         0.00000  
  50         1314.05         98.0000         136.000         122.000         112.000         118.000         112.000         116.000         112.000         110.000         118.000         116.000         102.000         98.0000         106.000         102.000         118.000         102.000         118.000         128.000         104.000         122.000         126.000         114.000         96.0000         136.000         128.000         118.000         124.000         110.000         132.000         130.000         130.000         112.000         108.000         124.000         122.000         120.000         0.00000         0.00000         0.00000         0.00000         0.00000         0.00000         0.00000         0.00000         0.00000         0.00000         0.00000         0.00000         0.00000         0.00000  
  51         1314.55         94.0000         128.000         120.000         122.000         110.000         106.000         156.000         120.000         122.000         116.000         112.000         104.000         112.000         102.000         116.000         122.000         104.000         122.000         118.000         136.000         122.000         132.000         104.000         100.000         112.000         122.000         106.000         104.000         124.000         118.000         118.000         94.0000         118.000         102.000         116.000         126.000         134.000         0.00000         0.00000         0.00000         0.00000         0.00000         0.00000         0.00000         0.00000         0.00000         0.00000         0.00000         0.00000         0.00000         0.00000  
