; FILE:  /home/2-iddf/data12c3/Alix_NWU/mda/2iddf_0012.mda
; Title:  Image#8 (2iddf:mca1.R1) - D8
; Scan # =       12 ,  Detector # =        8 ,   col=       51 ,   row=       51
;            Yvalue:        -1712.03        -1711.53        -1711.03        -1710.53        -1710.03        -1709.53        -1709.03        -1708.53        -1708.03        -1707.53        -1707.03        -1706.53        -1706.03        -1705.53        -1705.03        -1704.53        -1704.03        -1703.53        -1703.03        -1702.53        -1702.03        -1701.53        -1701.03        -1700.53        -1700.03        -1699.53        -1699.03        -1698.53        -1698.03        -1697.53        -1697.03        -1696.53        -1696.03        -1695.53        -1695.03        -1694.53        -1694.03         0.00000         0.00000         0.00000         0.00000         0.00000         0.00000         0.00000         0.00000         0.00000         0.00000         0.00000         0.00000         0.00000         0.00000 
;             Yindex               1               2               3               4               5               6               7               8               9              10              11              12              13              14              15              16              17              18              19              20              21              22              23              24              25              26              27              28              29              30              31              32              33              34              35              36              37              38              39              40              41              42              43              44              45              46              47              48              49              50              51 
; Xindex,    Xvalue,        Image(I,J) Array
   1         1289.55         0.00000         94.0000         100.000         93.0000         86.0000         95.0000         115.000         128.000         95.0000         124.000         116.000         135.000         122.000         103.000         115.000         139.000         158.000         140.000         136.000         139.000         152.000         148.000         140.000         167.000         138.000         141.000         156.000         157.000         170.000         193.000         155.000         171.000         194.000         184.000         201.000         159.000         196.000         0.00000         0.00000         0.00000         0.00000         0.00000         0.00000         0.00000         0.00000         0.00000         0.00000         0.00000         0.00000         0.00000         0.00000  
   2         1290.05         0.00000         102.000         107.000         103.000         96.0000         102.000         100.000         102.000         115.000         94.0000         143.000         111.000         112.000         131.000         118.000         119.000         131.000         170.000         150.000         162.000         157.000         154.000         170.000         138.000         159.000         159.000         167.000         156.000         170.000         172.000         170.000         167.000         213.000         173.000         177.000         179.000         191.000         0.00000         0.00000         0.00000         0.00000         0.00000         0.00000         0.00000         0.00000         0.00000         0.00000         0.00000         0.00000         0.00000         0.00000  
   3         1290.55         120.000         120.000         98.0000         102.000         109.000         97.0000         107.000         116.000         142.000         117.000         124.000         161.000         137.000         133.000         143.000         150.000         144.000         162.000         153.000         197.000         171.000         173.000         165.000         179.000         147.000         161.000         150.000         155.000         145.000         151.000         181.000         179.000         157.000         206.000         212.000         194.000         181.000         0.00000         0.00000         0.00000         0.00000         0.00000         0.00000         0.00000         0.00000         0.00000         0.00000         0.00000         0.00000         0.00000         0.00000  
   4         1291.05         105.000         124.000         105.000         107.000         93.0000         129.000         119.000         132.000         122.000         122.000         146.000         145.000         136.000         143.000         119.000         174.000         148.000         159.000         142.000         167.000         194.000         156.000         186.000         156.000         153.000         174.000         149.000         154.000         154.000         195.000         191.000         156.000         186.000         196.000         183.000         200.000         185.000         0.00000         0.00000         0.00000         0.00000         0.00000         0.00000         0.00000         0.00000         0.00000         0.00000         0.00000         0.00000         0.00000         0.00000  
   5         1291.55         114.000         112.000         108.000         95.0000         114.000         128.000         118.000         116.000         129.000         139.000         123.000         147.000         143.000         131.000         130.000         161.000         157.000         155.000         163.000         172.000         169.000         168.000         182.000         186.000         182.000         161.000         186.000         151.000         157.000         150.000         159.000         189.000         186.000         200.000         197.000         206.000         174.000         0.00000         0.00000         0.00000         0.00000         0.00000         0.00000         0.00000         0.00000         0.00000         0.00000         0.00000         0.00000         0.00000         0.00000  
   6         1292.05         97.0000         91.0000         106.000         116.000         119.000         116.000         121.000         129.000         139.000         152.000         147.000         171.000         157.000         144.000         129.000         159.000         170.000         170.000         157.000         174.000         167.000         199.000         177.000         149.000         182.000         172.000         158.000         177.000         151.000         172.000         183.000         190.000         194.000         206.000         202.000         234.000         209.000         0.00000         0.00000         0.00000         0.00000         0.00000         0.00000         0.00000         0.00000         0.00000         0.00000         0.00000         0.00000         0.00000         0.00000  
   7         1292.55         118.000         121.000         103.000         120.000         117.000         125.000         118.000         157.000         151.000         137.000         148.000         166.000         168.000         152.000         183.000         188.000         160.000         174.000         186.000         172.000         172.000         176.000         206.000         200.000         175.000         178.000         180.000         197.000         198.000         219.000         194.000         176.000         176.000         204.000         176.000         209.000         194.000         0.00000         0.00000         0.00000         0.00000         0.00000         0.00000         0.00000         0.00000         0.00000         0.00000         0.00000         0.00000         0.00000         0.00000  
   8         1293.05         110.000         97.0000         114.000         110.000         119.000         139.000         138.000         128.000         135.000         161.000         156.000         163.000         156.000         155.000         158.000         162.000         156.000         175.000         199.000         178.000         195.000         198.000         201.000         193.000         197.000         175.000         183.000         191.000         149.000         195.000         196.000         180.000         211.000         205.000         197.000         211.000         230.000         0.00000         0.00000         0.00000         0.00000         0.00000         0.00000         0.00000         0.00000         0.00000         0.00000         0.00000         0.00000         0.00000         0.00000  
   9         1293.55         118.000         104.000         118.000         123.000         147.000         130.000         148.000         139.000         148.000         156.000         164.000         167.000         160.000         150.000         167.000         197.000         163.000         197.000         204.000         211.000         182.000         196.000         189.000         191.000         186.000         221.000         188.000         206.000         198.000         186.000         212.000         207.000         184.000         209.000         198.000         226.000         201.000         0.00000         0.00000         0.00000         0.00000         0.00000         0.00000         0.00000         0.00000         0.00000         0.00000         0.00000         0.00000         0.00000         0.00000  
  10         1294.05         96.0000         102.000         113.000         104.000         122.000         117.000         134.000         147.000         155.000         152.000         172.000         166.000         156.000         145.000         176.000         180.000         166.000         199.000         179.000         192.000         185.000         205.000         198.000         206.000         200.000         210.000         220.000         215.000         183.000         194.000         190.000         223.000         221.000         217.000         210.000         209.000         216.000         0.00000         0.00000         0.00000         0.00000         0.00000         0.00000         0.00000         0.00000         0.00000         0.00000         0.00000         0.00000         0.00000         0.00000  
  11         1294.55         115.000         118.000         105.000         90.0000         116.000         125.000         148.000         167.000         152.000         167.000         157.000         193.000         178.000         167.000         198.000         197.000         181.000         187.000         203.000         201.000         202.000         198.000         218.000         195.000         207.000         234.000         210.000         193.000         170.000         210.000         181.000         210.000         206.000         214.000         203.000         204.000         221.000         0.00000         0.00000         0.00000         0.00000         0.00000         0.00000         0.00000         0.00000         0.00000         0.00000         0.00000         0.00000         0.00000         0.00000  
  12         1295.05         128.000         110.000         130.000         102.000         108.000         125.000         151.000         173.000         161.000         173.000         169.000         176.000         155.000         166.000         192.000         179.000         194.000         197.000         224.000         170.000         198.000         196.000         212.000         203.000         209.000         188.000         193.000         231.000         196.000         189.000         194.000         214.000         222.000         213.000         179.000         185.000         222.000         0.00000         0.00000         0.00000         0.00000         0.00000         0.00000         0.00000         0.00000         0.00000         0.00000         0.00000         0.00000         0.00000         0.00000  
  13         1295.55         118.000         114.000         112.000         131.000         116.000         127.000         150.000         138.000         159.000         170.000         169.000         165.000         178.000         171.000         156.000         197.000         192.000         196.000         192.000         207.000         202.000         186.000         232.000         185.000         223.000         239.000         190.000         185.000         196.000         206.000         193.000         211.000         201.000         225.000         215.000         221.000         209.000         0.00000         0.00000         0.00000         0.00000         0.00000         0.00000         0.00000         0.00000         0.00000         0.00000         0.00000         0.00000         0.00000         0.00000  
  14         1296.05         112.000         95.0000         121.000         117.000         118.000         143.000         148.000         159.000         170.000         167.000         179.000         184.000         187.000         189.000         188.000         184.000         220.000         192.000         166.000         211.000         167.000         188.000         184.000         225.000         233.000         215.000         219.000         200.000         206.000         210.000         211.000         215.000         223.000         235.000         223.000         229.000         235.000         0.00000         0.00000         0.00000         0.00000         0.00000         0.00000         0.00000         0.00000         0.00000         0.00000         0.00000         0.00000         0.00000         0.00000  
  15         1296.55         128.000         111.000         92.0000         129.000         134.000         107.000         130.000         164.000         162.000         182.000         158.000         166.000         171.000         176.000         184.000         188.000         182.000         180.000         177.000         221.000         198.000         231.000         217.000         195.000         203.000         197.000         224.000         215.000         209.000         187.000         222.000         225.000         215.000         233.000         234.000         217.000         208.000         0.00000         0.00000         0.00000         0.00000         0.00000         0.00000         0.00000         0.00000         0.00000         0.00000         0.00000         0.00000         0.00000         0.00000  
  16         1297.05         120.000         109.000         93.0000         109.000         117.000         164.000         133.000         155.000         152.000         176.000         164.000         185.000         168.000         200.000         168.000         184.000         166.000         196.000         156.000         166.000         204.000         209.000         216.000         210.000         198.000         206.000         192.000         221.000         205.000         214.000         229.000         214.000         179.000         226.000         218.000         225.000         211.000         0.00000         0.00000         0.00000         0.00000         0.00000         0.00000         0.00000         0.00000         0.00000         0.00000         0.00000         0.00000         0.00000         0.00000  
  17         1297.55         98.0000         115.000         112.000         113.000         118.000         123.000         142.000         150.000         160.000         174.000         189.000         196.000         158.000         180.000         182.000         187.000         204.000         196.000         216.000         181.000         190.000         197.000         200.000         202.000         238.000         209.000         232.000         182.000         198.000         209.000         190.000         217.000         242.000         229.000         225.000         210.000         213.000         0.00000         0.00000         0.00000         0.00000         0.00000         0.00000         0.00000         0.00000         0.00000         0.00000         0.00000         0.00000         0.00000         0.00000  
  18         1298.05         112.000         104.000         105.000         107.000         105.000         141.000         149.000         154.000         146.000         187.000         173.000         185.000         181.000         173.000         193.000         171.000         192.000         198.000         193.000         198.000         209.000         201.000         213.000         183.000         203.000         200.000         211.000         200.000         200.000         201.000         223.000         199.000         208.000         219.000         238.000         258.000         229.000         0.00000         0.00000         0.00000         0.00000         0.00000         0.00000         0.00000         0.00000         0.00000         0.00000         0.00000         0.00000         0.00000         0.00000  
  19         1298.55         119.000         114.000         107.000         120.000         117.000         156.000         153.000         138.000         169.000         166.000         183.000         185.000         170.000         170.000         188.000         182.000         191.000         214.000         191.000         210.000         179.000         217.000         195.000         235.000         185.000         186.000         196.000         220.000         205.000         214.000         194.000         208.000         230.000         251.000         221.000         217.000         213.000         0.00000         0.00000         0.00000         0.00000         0.00000         0.00000         0.00000         0.00000         0.00000         0.00000         0.00000         0.00000         0.00000         0.00000  
  20         1299.05         92.0000         98.0000         99.0000         105.000         111.000         115.000         155.000         148.000         168.000         144.000         166.000         196.000         170.000         168.000         177.000         198.000         210.000         195.000         191.000         171.000         195.000         194.000         219.000         193.000         209.000         211.000         198.000         235.000         200.000         188.000         210.000         209.000         218.000         207.000         212.000         238.000         245.000         0.00000         0.00000         0.00000         0.00000         0.00000         0.00000         0.00000         0.00000         0.00000         0.00000         0.00000         0.00000         0.00000         0.00000  
  21         1299.55         106.000         90.0000         107.000         96.0000         91.0000         111.000         162.000         163.000         150.000         191.000         181.000         187.000         188.000         192.000         189.000         197.000         167.000         161.000         197.000         190.000         203.000         193.000         192.000         186.000         219.000         208.000         192.000         195.000         199.000         212.000         210.000         215.000         228.000         228.000         239.000         232.000         230.000         0.00000         0.00000         0.00000         0.00000         0.00000         0.00000         0.00000         0.00000         0.00000         0.00000         0.00000         0.00000         0.00000         0.00000  
  22         1300.05         96.0000         103.000         93.0000         134.000         104.000         122.000         137.000         149.000         159.000         166.000         161.000         176.000         205.000         160.000         215.000         173.000         190.000         230.000         197.000         195.000         229.000         204.000         218.000         202.000         217.000         204.000         184.000         211.000         194.000         234.000         208.000         216.000         214.000         195.000         224.000         210.000         205.000         0.00000         0.00000         0.00000         0.00000         0.00000         0.00000         0.00000         0.00000         0.00000         0.00000         0.00000         0.00000         0.00000         0.00000  
  23         1300.55         96.0000         94.0000         100.000         101.000         107.000         124.000         175.000         123.000         148.000         149.000         187.000         172.000         176.000         197.000         182.000         191.000         189.000         194.000         159.000         186.000         196.000         183.000         187.000         197.000         182.000         211.000         183.000         196.000         187.000         223.000         191.000         229.000         208.000         236.000         239.000         209.000         189.000         0.00000         0.00000         0.00000         0.00000         0.00000         0.00000         0.00000         0.00000         0.00000         0.00000         0.00000         0.00000         0.00000         0.00000  
  24         1301.05         98.0000         91.0000         104.000         118.000         107.000         150.000         124.000         141.000         161.000         161.000         168.000         188.000         158.000         196.000         190.000         171.000         194.000         198.000         209.000         196.000         233.000         203.000         216.000         228.000         210.000         205.000         216.000         195.000         196.000         200.000         194.000         222.000         250.000         207.000         223.000         201.000         199.000         0.00000         0.00000         0.00000         0.00000         0.00000         0.00000         0.00000         0.00000         0.00000         0.00000         0.00000         0.00000         0.00000         0.00000  
  25         1301.55         99.0000         108.000         94.0000         102.000         116.000         122.000         123.000         132.000         123.000         154.000         177.000         156.000         186.000         171.000         174.000         185.000         177.000         194.000         161.000         201.000         175.000         227.000         192.000         202.000         198.000         219.000         210.000         200.000         184.000         196.000         217.000         204.000         232.000         205.000         230.000         215.000         185.000         0.00000         0.00000         0.00000         0.00000         0.00000         0.00000         0.00000         0.00000         0.00000         0.00000         0.00000         0.00000         0.00000         0.00000  
  26         1302.05         112.000         93.0000         105.000         96.0000         106.000         97.0000         130.000         148.000         139.000         150.000         143.000         148.000         168.000         175.000         165.000         207.000         206.000         216.000         203.000         191.000         210.000         203.000         229.000         192.000         210.000         201.000         208.000         199.000         218.000         229.000         221.000         226.000         180.000         212.000         210.000         217.000         202.000         0.00000         0.00000         0.00000         0.00000         0.00000         0.00000         0.00000         0.00000         0.00000         0.00000         0.00000         0.00000         0.00000         0.00000  
  27         1302.55         88.0000         74.0000         97.0000         94.0000         115.000         103.000         121.000         139.000         117.000         153.000         147.000         137.000         173.000         179.000         198.000         187.000         173.000         210.000         181.000         191.000         178.000         211.000         170.000         182.000         204.000         204.000         194.000         205.000         205.000         202.000         221.000         214.000         221.000         216.000         192.000         199.000         179.000         0.00000         0.00000         0.00000         0.00000         0.00000         0.00000         0.00000         0.00000         0.00000         0.00000         0.00000         0.00000         0.00000         0.00000  
  28         1303.05         99.0000         81.0000         90.0000         93.0000         93.0000         104.000         106.000         111.000         111.000         141.000         151.000         162.000         138.000         132.000         183.000         194.000         219.000         172.000         197.000         198.000         190.000         173.000         180.000         190.000         192.000         205.000         217.000         203.000         214.000         222.000         201.000         201.000         206.000         212.000         209.000         198.000         177.000         0.00000         0.00000         0.00000         0.00000         0.00000         0.00000         0.00000         0.00000         0.00000         0.00000         0.00000         0.00000         0.00000         0.00000  
  29         1303.55         85.0000         84.0000         86.0000         106.000         93.0000         99.0000         104.000         118.000         129.000         165.000         121.000         152.000         137.000         173.000         161.000         183.000         189.000         180.000         173.000         201.000         213.000         160.000         187.000         197.000         206.000         206.000         195.000         211.000         199.000         202.000         184.000         204.000         185.000         200.000         210.000         203.000         173.000         0.00000         0.00000         0.00000         0.00000         0.00000         0.00000         0.00000         0.00000         0.00000         0.00000         0.00000         0.00000         0.00000         0.00000  
  30         1304.05         98.0000         94.0000         99.0000         83.0000         87.0000         116.000         96.0000         112.000         109.000         141.000         136.000         139.000         152.000         154.000         167.000         180.000         191.000         184.000         191.000         161.000         179.000         183.000         186.000         196.000         202.000         186.000         171.000         203.000         192.000         188.000         205.000         192.000         205.000         218.000         198.000         202.000         204.000         0.00000         0.00000         0.00000         0.00000         0.00000         0.00000         0.00000         0.00000         0.00000         0.00000         0.00000         0.00000         0.00000         0.00000  
  31         1304.55         103.000         98.0000         100.000         101.000         101.000         95.0000         111.000         119.000         90.0000         127.000         125.000         169.000         146.000         169.000         147.000         159.000         151.000         178.000         174.000         188.000         185.000         200.000         173.000         178.000         207.000         203.000         177.000         190.000         187.000         183.000         217.000         203.000         207.000         200.000         181.000         186.000         195.000         0.00000         0.00000         0.00000         0.00000         0.00000         0.00000         0.00000         0.00000         0.00000         0.00000         0.00000         0.00000         0.00000         0.00000  
  32         1305.05         77.0000         82.0000         96.0000         82.0000         90.0000         82.0000         111.000         115.000         102.000         105.000         123.000         129.000         141.000         155.000         162.000         167.000         180.000         182.000         190.000         159.000         162.000         132.000         181.000         155.000         176.000         194.000         161.000         186.000         208.000         174.000         187.000         201.000         205.000         202.000         191.000         172.000         186.000         0.00000         0.00000         0.00000         0.00000         0.00000         0.00000         0.00000         0.00000         0.00000         0.00000         0.00000         0.00000         0.00000         0.00000  
  33         1305.55         94.0000         81.0000         109.000         97.0000         104.000         109.000         118.000         85.0000         98.0000         112.000         121.000         126.000         131.000         151.000         162.000         159.000         178.000         191.000         171.000         156.000         168.000         174.000         167.000         145.000         175.000         172.000         167.000         202.000         183.000         177.000         221.000         183.000         223.000         191.000         210.000         189.000         182.000         0.00000         0.00000         0.00000         0.00000         0.00000         0.00000         0.00000         0.00000         0.00000         0.00000         0.00000         0.00000         0.00000         0.00000  
  34         1306.05         91.0000         77.0000         76.0000         93.0000         111.000         93.0000         97.0000         115.000         97.0000         98.0000         103.000         105.000         109.000         147.000         126.000         147.000         153.000         152.000         153.000         175.000         150.000         160.000         152.000         153.000         165.000         156.000         188.000         187.000         189.000         206.000         192.000         174.000         190.000         188.000         193.000         181.000         180.000         0.00000         0.00000         0.00000         0.00000         0.00000         0.00000         0.00000         0.00000         0.00000         0.00000         0.00000         0.00000         0.00000         0.00000  
  35         1306.55         83.0000         95.0000         102.000         93.0000         91.0000         98.0000         86.0000         91.0000         109.000         114.000         103.000         115.000         117.000         119.000         138.000         132.000         142.000         140.000         173.000         164.000         160.000         153.000         161.000         171.000         177.000         160.000         161.000         154.000         169.000         169.000         194.000         173.000         178.000         175.000         169.000         197.000         199.000         0.00000         0.00000         0.00000         0.00000         0.00000         0.00000         0.00000         0.00000         0.00000         0.00000         0.00000         0.00000         0.00000         0.00000  
  36         1307.05         75.0000         95.0000         88.0000         100.000         96.0000         98.0000         120.000         102.000         101.000         105.000         119.000         101.000         87.0000         117.000         109.000         126.000         136.000         151.000         151.000         150.000         160.000         150.000         152.000         154.000         140.000         147.000         172.000         182.000         184.000         175.000         178.000         185.000         204.000         186.000         188.000         157.000         174.000         0.00000         0.00000         0.00000         0.00000         0.00000         0.00000         0.00000         0.00000         0.00000         0.00000         0.00000         0.00000         0.00000         0.00000  
  37         1307.55         95.0000         105.000         104.000         98.0000         79.0000         112.000         103.000         89.0000         101.000         96.0000         112.000         98.0000         101.000         114.000         104.000         99.0000         134.000         149.000         128.000         157.000         143.000         167.000         140.000         147.000         151.000         149.000         146.000         156.000         160.000         169.000         161.000         192.000         186.000         182.000         201.000         173.000         156.000         0.00000         0.00000         0.00000         0.00000         0.00000         0.00000         0.00000         0.00000         0.00000         0.00000         0.00000         0.00000         0.00000         0.00000  
  38         1308.05         105.000         96.0000         104.000         101.000         100.000         97.0000         99.0000         106.000         89.0000         99.0000         109.000         93.0000         109.000         101.000         118.000         122.000         101.000         134.000         122.000         136.000         129.000         144.000         169.000         157.000         149.000         164.000         139.000         139.000         128.000         145.000         146.000         162.000         161.000         170.000         139.000         178.000         187.000         0.00000         0.00000         0.00000         0.00000         0.00000         0.00000         0.00000         0.00000         0.00000         0.00000         0.00000         0.00000         0.00000         0.00000  
  39         1308.55         90.0000         80.0000         95.0000         100.000         104.000         99.0000         98.0000         93.0000         89.0000         102.000         102.000         96.0000         85.0000         104.000         107.000         120.000         95.0000         124.000         118.000         124.000         152.000         132.000         134.000         131.000         167.000         146.000         131.000         145.000         164.000         158.000         138.000         162.000         166.000         176.000         166.000         171.000         185.000         0.00000         0.00000         0.00000         0.00000         0.00000         0.00000         0.00000         0.00000         0.00000         0.00000         0.00000         0.00000         0.00000         0.00000  
  40         1309.05         87.0000         100.000         95.0000         110.000         84.0000         103.000         95.0000         109.000         99.0000         130.000         104.000         82.0000         115.000         101.000         107.000         96.0000         114.000         95.0000         122.000         114.000         133.000         120.000         143.000         138.000         162.000         150.000         140.000         157.000         147.000         143.000         154.000         154.000         172.000         178.000         138.000         167.000         159.000         0.00000         0.00000         0.00000         0.00000         0.00000         0.00000         0.00000         0.00000         0.00000         0.00000         0.00000         0.00000         0.00000         0.00000  
  41         1309.55         80.0000         92.0000         116.000         101.000         96.0000         99.0000         93.0000         89.0000         101.000         94.0000         99.0000         98.0000         109.000         90.0000         100.000         117.000         103.000         96.0000         118.000         88.0000         114.000         141.000         120.000         151.000         154.000         169.000         162.000         160.000         141.000         161.000         167.000         140.000         165.000         164.000         168.000         168.000         148.000         0.00000         0.00000         0.00000         0.00000         0.00000         0.00000         0.00000         0.00000         0.00000         0.00000         0.00000         0.00000         0.00000         0.00000  
  42         1310.05         113.000         108.000         99.0000         101.000         93.0000         112.000         91.0000         109.000         107.000         109.000         91.0000         100.000         95.0000         99.0000         85.0000         108.000         107.000         114.000         115.000         109.000         89.0000         117.000         125.000         123.000         139.000         152.000         152.000         142.000         136.000         137.000         158.000         128.000         177.000         155.000         164.000         155.000         155.000         0.00000         0.00000         0.00000         0.00000         0.00000         0.00000         0.00000         0.00000         0.00000         0.00000         0.00000         0.00000         0.00000         0.00000  
  43         1310.55         120.000         100.000         85.0000         82.0000         96.0000         101.000         108.000         99.0000         115.000         94.0000         123.000         106.000         91.0000         93.0000         94.0000         100.000         94.0000         106.000         99.0000         126.000         92.0000         116.000         127.000         116.000         149.000         148.000         162.000         144.000         131.000         163.000         144.000         148.000         168.000         149.000         164.000         165.000         172.000         0.00000         0.00000         0.00000         0.00000         0.00000         0.00000         0.00000         0.00000         0.00000         0.00000         0.00000         0.00000         0.00000         0.00000  
  44         1311.05         110.000         103.000         82.0000         127.000         117.000         103.000         117.000         92.0000         85.0000         88.0000         107.000         98.0000         92.0000         100.000         124.000         99.0000         114.000         121.000         98.0000         98.0000         96.0000         107.000         96.0000         118.000         122.000         124.000         119.000         157.000         156.000         157.000         160.000         158.000         186.000         159.000         166.000         161.000         155.000         0.00000         0.00000         0.00000         0.00000         0.00000         0.00000         0.00000         0.00000         0.00000         0.00000         0.00000         0.00000         0.00000         0.00000  
  45         1311.55         92.0000         92.0000         97.0000         97.0000         97.0000         102.000         101.000         86.0000         103.000         110.000         97.0000         89.0000         103.000         109.000         102.000         98.0000         97.0000         82.0000         86.0000         87.0000         116.000         97.0000         87.0000         106.000         127.000         150.000         123.000         131.000         149.000         157.000         147.000         143.000         167.000         177.000         168.000         153.000         169.000         0.00000         0.00000         0.00000         0.00000         0.00000         0.00000         0.00000         0.00000         0.00000         0.00000         0.00000         0.00000         0.00000         0.00000  
  46         1312.05         99.0000         98.0000         88.0000         105.000         77.0000         90.0000         88.0000         87.0000         107.000         98.0000         95.0000         105.000         94.0000         107.000         98.0000         105.000         108.000         115.000         85.0000         100.000         92.0000         112.000         108.000         102.000         117.000         128.000         139.000         150.000         163.000         164.000         164.000         169.000         176.000         184.000         151.000         159.000         180.000         0.00000         0.00000         0.00000         0.00000         0.00000         0.00000         0.00000         0.00000         0.00000         0.00000         0.00000         0.00000         0.00000         0.00000  
  47         1312.55         103.000         104.000         102.000         113.000         90.0000         111.000         97.0000         114.000         90.0000         110.000         113.000         103.000         78.0000         101.000         94.0000         100.000         93.0000         91.0000         90.0000         96.0000         96.0000         85.0000         87.0000         100.000         105.000         127.000         101.000         128.000         130.000         147.000         139.000         159.000         189.000         167.000         182.000         173.000         175.000         0.00000         0.00000         0.00000         0.00000         0.00000         0.00000         0.00000         0.00000         0.00000         0.00000         0.00000         0.00000         0.00000         0.00000  
  48         1313.05         98.0000         95.0000         82.0000         95.0000         99.0000         91.0000         98.0000         93.0000         103.000         85.0000         109.000         97.0000         79.0000         106.000         102.000         97.0000         100.000         87.0000         107.000         99.0000         103.000         82.0000         88.0000         91.0000         109.000         101.000         133.000         108.000         121.000         159.000         135.000         164.000         180.000         188.000         160.000         169.000         167.000         0.00000         0.00000         0.00000         0.00000         0.00000         0.00000         0.00000         0.00000         0.00000         0.00000         0.00000         0.00000         0.00000         0.00000  
  49         1313.55         89.0000         98.0000         103.000         87.0000         98.0000         107.000         95.0000         93.0000         94.0000         85.0000         89.0000         96.0000         92.0000         98.0000         85.0000         111.000         100.000         87.0000         109.000         109.000         89.0000         99.0000         87.0000         105.000         107.000         95.0000         118.000         112.000         115.000         125.000         141.000         156.000         180.000         169.000         168.000         133.000         226.000         0.00000         0.00000         0.00000         0.00000         0.00000         0.00000         0.00000         0.00000         0.00000         0.00000         0.00000         0.00000         0.00000         0.00000  
  50         1314.05         111.000         88.0000         96.0000         115.000         104.000         89.0000         101.000         98.0000         95.0000         103.000         99.0000         91.0000         110.000         100.000         112.000         110.000         95.0000         93.0000         99.0000         102.000         99.0000         91.0000         121.000         96.0000         101.000         110.000         99.0000         94.0000         124.000         107.000         145.000         127.000         144.000         139.000         148.000         146.000         180.000         0.00000         0.00000         0.00000         0.00000         0.00000         0.00000         0.00000         0.00000         0.00000         0.00000         0.00000         0.00000         0.00000         0.00000  
  51         1314.55         117.000         94.0000         100.000         116.000         103.000         95.0000         109.000         101.000         95.0000         90.0000         93.0000         96.0000         81.0000         94.0000         103.000         104.000         103.000         113.000         96.0000         97.0000         82.0000         105.000         95.0000         109.000         97.0000         103.000         109.000         103.000         133.000         132.000         130.000         138.000         147.000         129.000         140.000         154.000         165.000         0.00000         0.00000         0.00000         0.00000         0.00000         0.00000         0.00000         0.00000         0.00000         0.00000         0.00000         0.00000         0.00000         0.00000  
