; FILE:  /home/2-iddf/data12c3/Alix_NWU/mda/2iddf_0012.mda
; Title:  Image#11 (2iddf:mca1.R4) - DB
; Scan # =       12 ,  Detector # =       11 ,   col=       51 ,   row=       51
;            Yvalue:        -1712.03        -1711.53        -1711.03        -1710.53        -1710.03        -1709.53        -1709.03        -1708.53        -1708.03        -1707.53        -1707.03        -1706.53        -1706.03        -1705.53        -1705.03        -1704.53        -1704.03        -1703.53        -1703.03        -1702.53        -1702.03        -1701.53        -1701.03        -1700.53        -1700.03        -1699.53        -1699.03        -1698.53        -1698.03        -1697.53        -1697.03        -1696.53        -1696.03        -1695.53        -1695.03        -1694.53        -1694.03         0.00000         0.00000         0.00000         0.00000         0.00000         0.00000         0.00000         0.00000         0.00000         0.00000         0.00000         0.00000         0.00000         0.00000 
;             Yindex               1               2               3               4               5               6               7               8               9              10              11              12              13              14              15              16              17              18              19              20              21              22              23              24              25              26              27              28              29              30              31              32              33              34              35              36              37              38              39              40              41              42              43              44              45              46              47              48              49              50              51 
; Xindex,    Xvalue,        Image(I,J) Array
   1         1289.55         0.00000         9.00000         12.0000         7.00000         10.0000         18.0000         21.0000         35.0000         37.0000         53.0000         50.0000         64.0000         68.0000         81.0000         70.0000         99.0000         96.0000         99.0000         102.000         104.000         82.0000         116.000         103.000         127.000         127.000         99.0000         102.000         111.000         113.000         125.000         111.000         125.000         124.000         135.000         137.000         148.000         124.000         0.00000         0.00000         0.00000         0.00000         0.00000         0.00000         0.00000         0.00000         0.00000         0.00000         0.00000         0.00000         0.00000         0.00000  
   2         1290.05         0.00000         5.00000         8.00000         16.0000         15.0000         20.0000         33.0000         48.0000         47.0000         49.0000         66.0000         81.0000         83.0000         88.0000         75.0000         99.0000         100.000         106.000         103.000         118.000         131.000         92.0000         114.000         113.000         110.000         106.000         93.0000         138.000         112.000         114.000         130.000         104.000         127.000         145.000         143.000         145.000         143.000         0.00000         0.00000         0.00000         0.00000         0.00000         0.00000         0.00000         0.00000         0.00000         0.00000         0.00000         0.00000         0.00000         0.00000  
   3         1290.55         15.0000         13.0000         18.0000         18.0000         26.0000         24.0000         37.0000         50.0000         62.0000         69.0000         71.0000         95.0000         86.0000         94.0000         112.000         95.0000         124.000         109.000         120.000         113.000         143.000         139.000         129.000         106.000         133.000         139.000         102.000         106.000         113.000         109.000         142.000         132.000         132.000         145.000         137.000         168.000         133.000         0.00000         0.00000         0.00000         0.00000         0.00000         0.00000         0.00000         0.00000         0.00000         0.00000         0.00000         0.00000         0.00000         0.00000  
   4         1291.05         12.0000         10.0000         19.0000         23.0000         36.0000         38.0000         47.0000         56.0000         77.0000         80.0000         81.0000         89.0000         111.000         106.000         118.000         134.000         128.000         125.000         135.000         149.000         137.000         120.000         135.000         138.000         122.000         120.000         128.000         102.000         122.000         130.000         134.000         127.000         143.000         140.000         144.000         144.000         135.000         0.00000         0.00000         0.00000         0.00000         0.00000         0.00000         0.00000         0.00000         0.00000         0.00000         0.00000         0.00000         0.00000         0.00000  
   5         1291.55         20.0000         22.0000         28.0000         37.0000         57.0000         49.0000         46.0000         72.0000         81.0000         105.000         108.000         98.0000         125.000         113.000         127.000         134.000         113.000         140.000         132.000         122.000         162.000         140.000         147.000         146.000         143.000         144.000         110.000         115.000         115.000         146.000         142.000         133.000         139.000         141.000         145.000         152.000         135.000         0.00000         0.00000         0.00000         0.00000         0.00000         0.00000         0.00000         0.00000         0.00000         0.00000         0.00000         0.00000         0.00000         0.00000  
   6         1292.05         27.0000         29.0000         35.0000         39.0000         46.0000         50.0000         64.0000         72.0000         83.0000         120.000         115.000         130.000         140.000         111.000         153.000         155.000         149.000         158.000         164.000         152.000         157.000         144.000         142.000         130.000         142.000         161.000         140.000         139.000         135.000         149.000         145.000         166.000         139.000         157.000         164.000         142.000         152.000         0.00000         0.00000         0.00000         0.00000         0.00000         0.00000         0.00000         0.00000         0.00000         0.00000         0.00000         0.00000         0.00000         0.00000  
   7         1292.55         22.0000         29.0000         36.0000         46.0000         51.0000         77.0000         93.0000         101.000         112.000         135.000         133.000         142.000         136.000         150.000         144.000         152.000         155.000         144.000         140.000         162.000         153.000         176.000         185.000         157.000         140.000         152.000         134.000         124.000         138.000         171.000         134.000         150.000         173.000         181.000         150.000         165.000         176.000         0.00000         0.00000         0.00000         0.00000         0.00000         0.00000         0.00000         0.00000         0.00000         0.00000         0.00000         0.00000         0.00000         0.00000  
   8         1293.05         19.0000         37.0000         23.0000         56.0000         65.0000         74.0000         91.0000         88.0000         116.000         139.000         135.000         152.000         135.000         126.000         148.000         154.000         144.000         166.000         157.000         153.000         165.000         180.000         148.000         161.000         173.000         156.000         179.000         162.000         146.000         176.000         170.000         154.000         185.000         161.000         170.000         165.000         170.000         0.00000         0.00000         0.00000         0.00000         0.00000         0.00000         0.00000         0.00000         0.00000         0.00000         0.00000         0.00000         0.00000         0.00000  
   9         1293.55         14.0000         29.0000         37.0000         58.0000         49.0000         74.0000         96.0000         109.000         115.000         117.000         136.000         159.000         133.000         144.000         140.000         159.000         159.000         148.000         154.000         138.000         137.000         154.000         153.000         171.000         155.000         174.000         143.000         156.000         138.000         166.000         171.000         170.000         177.000         172.000         165.000         149.000         137.000         0.00000         0.00000         0.00000         0.00000         0.00000         0.00000         0.00000         0.00000         0.00000         0.00000         0.00000         0.00000         0.00000         0.00000  
  10         1294.05         22.0000         31.0000         38.0000         53.0000         76.0000         94.0000         119.000         128.000         128.000         152.000         156.000         138.000         175.000         115.000         167.000         139.000         125.000         163.000         159.000         157.000         142.000         172.000         175.000         155.000         162.000         159.000         150.000         159.000         169.000         151.000         182.000         159.000         190.000         178.000         174.000         172.000         174.000         0.00000         0.00000         0.00000         0.00000         0.00000         0.00000         0.00000         0.00000         0.00000         0.00000         0.00000         0.00000         0.00000         0.00000  
  11         1294.55         18.0000         24.0000         43.0000         55.0000         84.0000         76.0000         105.000         114.000         120.000         151.000         143.000         145.000         136.000         129.000         132.000         148.000         157.000         149.000         163.000         138.000         154.000         159.000         159.000         142.000         143.000         149.000         157.000         159.000         164.000         161.000         160.000         149.000         157.000         150.000         188.000         158.000         170.000         0.00000         0.00000         0.00000         0.00000         0.00000         0.00000         0.00000         0.00000         0.00000         0.00000         0.00000         0.00000         0.00000         0.00000  
  12         1295.05         22.0000         27.0000         36.0000         55.0000         60.0000         87.0000         91.0000         101.000         124.000         148.000         132.000         156.000         137.000         141.000         144.000         132.000         155.000         167.000         166.000         158.000         166.000         150.000         168.000         148.000         159.000         154.000         134.000         158.000         172.000         159.000         159.000         188.000         157.000         188.000         180.000         182.000         174.000         0.00000         0.00000         0.00000         0.00000         0.00000         0.00000         0.00000         0.00000         0.00000         0.00000         0.00000         0.00000         0.00000         0.00000  
  13         1295.55         24.0000         35.0000         32.0000         55.0000         58.0000         82.0000         94.0000         122.000         124.000         144.000         121.000         140.000         126.000         120.000         140.000         123.000         150.000         140.000         144.000         164.000         151.000         151.000         158.000         142.000         147.000         180.000         145.000         152.000         138.000         183.000         155.000         168.000         166.000         181.000         183.000         167.000         159.000         0.00000         0.00000         0.00000         0.00000         0.00000         0.00000         0.00000         0.00000         0.00000         0.00000         0.00000         0.00000         0.00000         0.00000  
  14         1296.05         21.0000         40.0000         37.0000         45.0000         62.0000         84.0000         86.0000         94.0000         124.000         104.000         126.000         121.000         124.000         114.000         116.000         125.000         135.000         134.000         152.000         145.000         132.000         143.000         152.000         150.000         158.000         149.000         138.000         159.000         154.000         195.000         165.000         146.000         163.000         193.000         158.000         173.000         160.000         0.00000         0.00000         0.00000         0.00000         0.00000         0.00000         0.00000         0.00000         0.00000         0.00000         0.00000         0.00000         0.00000         0.00000  
  15         1296.55         14.0000         14.0000         32.0000         52.0000         59.0000         93.0000         105.000         95.0000         132.000         140.000         117.000         110.000         118.000         123.000         93.0000         137.000         134.000         155.000         170.000         175.000         170.000         154.000         164.000         137.000         169.000         155.000         156.000         151.000         157.000         144.000         151.000         150.000         182.000         186.000         183.000         160.000         181.000         0.00000         0.00000         0.00000         0.00000         0.00000         0.00000         0.00000         0.00000         0.00000         0.00000         0.00000         0.00000         0.00000         0.00000  
  16         1297.05         14.0000         19.0000         34.0000         45.0000         86.0000         89.0000         100.000         114.000         112.000         139.000         105.000         140.000         133.000         147.000         161.000         125.000         133.000         148.000         147.000         139.000         147.000         152.000         147.000         144.000         139.000         155.000         139.000         157.000         148.000         144.000         159.000         154.000         161.000         175.000         158.000         169.000         165.000         0.00000         0.00000         0.00000         0.00000         0.00000         0.00000         0.00000         0.00000         0.00000         0.00000         0.00000         0.00000         0.00000         0.00000  
  17         1297.55         16.0000         17.0000         30.0000         54.0000         54.0000         76.0000         89.0000         97.0000         102.000         102.000         128.000         127.000         113.000         123.000         113.000         134.000         148.000         167.000         140.000         159.000         138.000         150.000         168.000         159.000         187.000         142.000         156.000         155.000         162.000         155.000         142.000         174.000         170.000         165.000         171.000         160.000         175.000         0.00000         0.00000         0.00000         0.00000         0.00000         0.00000         0.00000         0.00000         0.00000         0.00000         0.00000         0.00000         0.00000         0.00000  
  18         1298.05         7.00000         13.0000         20.0000         35.0000         59.0000         69.0000         84.0000         119.000         111.000         137.000         128.000         120.000         128.000         127.000         130.000         131.000         138.000         153.000         137.000         160.000         154.000         170.000         156.000         134.000         170.000         151.000         151.000         152.000         163.000         175.000         174.000         171.000         169.000         181.000         189.000         174.000         173.000         0.00000         0.00000         0.00000         0.00000         0.00000         0.00000         0.00000         0.00000         0.00000         0.00000         0.00000         0.00000         0.00000         0.00000  
  19         1298.55         3.00000         6.00000         12.0000         40.0000         54.0000         87.0000         87.0000         90.0000         106.000         112.000         127.000         116.000         129.000         114.000         126.000         138.000         128.000         148.000         155.000         144.000         155.000         137.000         146.000         176.000         170.000         157.000         129.000         169.000         150.000         190.000         157.000         186.000         179.000         206.000         176.000         153.000         177.000         0.00000         0.00000         0.00000         0.00000         0.00000         0.00000         0.00000         0.00000         0.00000         0.00000         0.00000         0.00000         0.00000         0.00000  
  20         1299.05         8.00000         8.00000         13.0000         38.0000         41.0000         53.0000         72.0000         87.0000         103.000         128.000         110.000         123.000         120.000         136.000         167.000         142.000         164.000         150.000         134.000         139.000         163.000         135.000         156.000         188.000         176.000         176.000         137.000         169.000         146.000         169.000         165.000         158.000         194.000         199.000         183.000         188.000         198.000         0.00000         0.00000         0.00000         0.00000         0.00000         0.00000         0.00000         0.00000         0.00000         0.00000         0.00000         0.00000         0.00000         0.00000  
  21         1299.55         2.00000         7.00000         13.0000         25.0000         39.0000         54.0000         73.0000         87.0000         97.0000         124.000         120.000         122.000         139.000         120.000         140.000         171.000         129.000         155.000         143.000         172.000         152.000         147.000         180.000         161.000         160.000         163.000         167.000         152.000         145.000         159.000         188.000         162.000         180.000         178.000         190.000         180.000         171.000         0.00000         0.00000         0.00000         0.00000         0.00000         0.00000         0.00000         0.00000         0.00000         0.00000         0.00000         0.00000         0.00000         0.00000  
  22         1300.05         2.00000         3.00000         6.00000         21.0000         30.0000         60.0000         68.0000         85.0000         109.000         129.000         136.000         132.000         116.000         115.000         142.000         148.000         156.000         147.000         163.000         169.000         168.000         150.000         172.000         128.000         166.000         182.000         166.000         162.000         171.000         169.000         194.000         186.000         198.000         193.000         182.000         192.000         180.000         0.00000         0.00000         0.00000         0.00000         0.00000         0.00000         0.00000         0.00000         0.00000         0.00000         0.00000         0.00000         0.00000         0.00000  
  23         1300.55         6.00000         4.00000         2.00000         11.0000         23.0000         47.0000         44.0000         78.0000         81.0000         108.000         135.000         130.000         118.000         125.000         147.000         141.000         123.000         141.000         148.000         139.000         152.000         160.000         155.000         140.000         162.000         166.000         166.000         162.000         156.000         178.000         185.000         178.000         178.000         181.000         173.000         180.000         164.000         0.00000         0.00000         0.00000         0.00000         0.00000         0.00000         0.00000         0.00000         0.00000         0.00000         0.00000         0.00000         0.00000         0.00000  
  24         1301.05         2.00000         9.00000         4.00000         9.00000         16.0000         39.0000         58.0000         71.0000         87.0000         111.000         117.000         142.000         137.000         130.000         144.000         142.000         169.000         146.000         159.000         169.000         139.000         161.000         156.000         146.000         155.000         168.000         153.000         177.000         177.000         172.000         195.000         176.000         200.000         193.000         162.000         154.000         186.000         0.00000         0.00000         0.00000         0.00000         0.00000         0.00000         0.00000         0.00000         0.00000         0.00000         0.00000         0.00000         0.00000         0.00000  
  25         1301.55         4.00000         1.00000         5.00000         6.00000         16.0000         26.0000         44.0000         51.0000         88.0000         83.0000         88.0000         140.000         147.000         121.000         148.000         127.000         147.000         136.000         149.000         142.000         146.000         148.000         161.000         126.000         178.000         162.000         167.000         166.000         162.000         172.000         163.000         182.000         185.000         189.000         159.000         190.000         147.000         0.00000         0.00000         0.00000         0.00000         0.00000         0.00000         0.00000         0.00000         0.00000         0.00000         0.00000         0.00000         0.00000         0.00000  
  26         1302.05         2.00000         2.00000         5.00000         6.00000         6.00000         21.0000         36.0000         57.0000         60.0000         79.0000         76.0000         122.000         121.000         129.000         133.000         139.000         159.000         144.000         163.000         142.000         144.000         146.000         162.000         153.000         174.000         176.000         184.000         159.000         158.000         203.000         178.000         156.000         175.000         176.000         174.000         141.000         166.000         0.00000         0.00000         0.00000         0.00000         0.00000         0.00000         0.00000         0.00000         0.00000         0.00000         0.00000         0.00000         0.00000         0.00000  
  27         1302.55         0.00000         4.00000         1.00000         5.00000         4.00000         10.0000         28.0000         50.0000         67.0000         63.0000         87.0000         117.000         117.000         109.000         157.000         136.000         143.000         121.000         148.000         160.000         147.000         173.000         144.000         132.000         149.000         136.000         156.000         157.000         152.000         167.000         167.000         180.000         194.000         182.000         185.000         122.000         151.000         0.00000         0.00000         0.00000         0.00000         0.00000         0.00000         0.00000         0.00000         0.00000         0.00000         0.00000         0.00000         0.00000         0.00000  
  28         1303.05         5.00000         0.00000         6.00000         6.00000         2.00000         4.00000         13.0000         33.0000         56.0000         58.0000         87.0000         98.0000         120.000         117.000         149.000         172.000         151.000         149.000         127.000         156.000         156.000         125.000         133.000         139.000         128.000         161.000         168.000         150.000         156.000         164.000         175.000         144.000         172.000         168.000         178.000         162.000         166.000         0.00000         0.00000         0.00000         0.00000         0.00000         0.00000         0.00000         0.00000         0.00000         0.00000         0.00000         0.00000         0.00000         0.00000  
  29         1303.55         0.00000         1.00000         1.00000         1.00000         4.00000         4.00000         11.0000         18.0000         40.0000         59.0000         61.0000         76.0000         92.0000         88.0000         143.000         129.000         130.000         131.000         133.000         160.000         136.000         143.000         123.000         125.000         144.000         165.000         164.000         170.000         171.000         174.000         158.000         175.000         171.000         160.000         169.000         178.000         144.000         0.00000         0.00000         0.00000         0.00000         0.00000         0.00000         0.00000         0.00000         0.00000         0.00000         0.00000         0.00000         0.00000         0.00000  
  30         1304.05         0.00000         3.00000         1.00000         4.00000         2.00000         3.00000         3.00000         17.0000         21.0000         53.0000         69.0000         69.0000         78.0000         132.000         116.000         126.000         127.000         132.000         146.000         156.000         126.000         147.000         130.000         132.000         132.000         171.000         148.000         178.000         136.000         176.000         171.000         160.000         146.000         165.000         180.000         158.000         133.000         0.00000         0.00000         0.00000         0.00000         0.00000         0.00000         0.00000         0.00000         0.00000         0.00000         0.00000         0.00000         0.00000         0.00000  
  31         1304.55         0.00000         4.00000         2.00000         2.00000         7.00000         2.00000         3.00000         8.00000         18.0000         25.0000         46.0000         66.0000         53.0000         87.0000         111.000         89.0000         128.000         142.000         124.000         144.000         113.000         119.000         126.000         132.000         148.000         135.000         131.000         146.000         146.000         156.000         167.000         176.000         163.000         156.000         182.000         176.000         158.000         0.00000         0.00000         0.00000         0.00000         0.00000         0.00000         0.00000         0.00000         0.00000         0.00000         0.00000         0.00000         0.00000         0.00000  
  32         1305.05         1.00000         2.00000         3.00000         1.00000         2.00000         3.00000         7.00000         5.00000         4.00000         28.0000         40.0000         48.0000         50.0000         86.0000         84.0000         92.0000         116.000         125.000         148.000         150.000         120.000         105.000         124.000         96.0000         132.000         138.000         133.000         141.000         171.000         166.000         171.000         190.000         171.000         178.000         128.000         169.000         165.000         0.00000         0.00000         0.00000         0.00000         0.00000         0.00000         0.00000         0.00000         0.00000         0.00000         0.00000         0.00000         0.00000         0.00000  
  33         1305.55         0.00000         0.00000         2.00000         2.00000         3.00000         6.00000         3.00000         5.00000         6.00000         8.00000         27.0000         34.0000         40.0000         66.0000         71.0000         79.0000         113.000         107.000         105.000         119.000         133.000         129.000         115.000         138.000         143.000         136.000         145.000         155.000         141.000         139.000         142.000         146.000         179.000         152.000         148.000         164.000         137.000         0.00000         0.00000         0.00000         0.00000         0.00000         0.00000         0.00000         0.00000         0.00000         0.00000         0.00000         0.00000         0.00000         0.00000  
  34         1306.05         1.00000         2.00000         1.00000         1.00000         0.00000         2.00000         3.00000         4.00000         3.00000         8.00000         17.0000         25.0000         32.0000         50.0000         74.0000         86.0000         103.000         96.0000         124.000         88.0000         105.000         110.000         103.000         102.000         110.000         138.000         134.000         141.000         118.000         121.000         119.000         147.000         145.000         157.000         185.000         167.000         169.000         0.00000         0.00000         0.00000         0.00000         0.00000         0.00000         0.00000         0.00000         0.00000         0.00000         0.00000         0.00000         0.00000         0.00000  
  35         1306.55         2.00000         1.00000         3.00000         2.00000         3.00000         2.00000         4.00000         5.00000         7.00000         5.00000         10.0000         19.0000         26.0000         58.0000         56.0000         66.0000         74.0000         96.0000         113.000         108.000         102.000         102.000         108.000         94.0000         119.000         113.000         116.000         146.000         117.000         159.000         149.000         142.000         170.000         167.000         163.000         157.000         150.000         0.00000         0.00000         0.00000         0.00000         0.00000         0.00000         0.00000         0.00000         0.00000         0.00000         0.00000         0.00000         0.00000         0.00000  
  36         1307.05         0.00000         0.00000         2.00000         4.00000         4.00000         3.00000         1.00000         6.00000         5.00000         6.00000         5.00000         12.0000         20.0000         36.0000         46.0000         43.0000         72.0000         67.0000         86.0000         85.0000         107.000         116.000         88.0000         89.0000         94.0000         99.0000         117.000         125.000         112.000         122.000         128.000         134.000         137.000         159.000         142.000         133.000         159.000         0.00000         0.00000         0.00000         0.00000         0.00000         0.00000         0.00000         0.00000         0.00000         0.00000         0.00000         0.00000         0.00000         0.00000  
  37         1307.55         0.00000         2.00000         1.00000         2.00000         0.00000         1.00000         3.00000         5.00000         3.00000         3.00000         6.00000         2.00000         13.0000         31.0000         43.0000         51.0000         55.0000         59.0000         104.000         74.0000         86.0000         112.000         104.000         93.0000         93.0000         114.000         119.000         109.000         116.000         99.0000         135.000         132.000         151.000         119.000         115.000         150.000         134.000         0.00000         0.00000         0.00000         0.00000         0.00000         0.00000         0.00000         0.00000         0.00000         0.00000         0.00000         0.00000         0.00000         0.00000  
  38         1308.05         1.00000         1.00000         1.00000         2.00000         0.00000         2.00000         0.00000         1.00000         6.00000         3.00000         2.00000         2.00000         6.00000         14.0000         29.0000         35.0000         43.0000         41.0000         59.0000         77.0000         83.0000         87.0000         96.0000         89.0000         89.0000         98.0000         97.0000         104.000         102.000         111.000         120.000         110.000         123.000         135.000         148.000         113.000         114.000         0.00000         0.00000         0.00000         0.00000         0.00000         0.00000         0.00000         0.00000         0.00000         0.00000         0.00000         0.00000         0.00000         0.00000  
  39         1308.55         2.00000         0.00000         0.00000         0.00000         1.00000         0.00000         1.00000         4.00000         2.00000         6.00000         1.00000         7.00000         3.00000         13.0000         21.0000         23.0000         38.0000         41.0000         50.0000         54.0000         76.0000         70.0000         71.0000         90.0000         97.0000         114.000         100.000         107.000         102.000         110.000         123.000         119.000         119.000         104.000         113.000         107.000         126.000         0.00000         0.00000         0.00000         0.00000         0.00000         0.00000         0.00000         0.00000         0.00000         0.00000         0.00000         0.00000         0.00000         0.00000  
  40         1309.05         1.00000         0.00000         1.00000         1.00000         1.00000         1.00000         2.00000         6.00000         5.00000         3.00000         4.00000         5.00000         5.00000         6.00000         13.0000         13.0000         24.0000         38.0000         41.0000         41.0000         59.0000         68.0000         69.0000         72.0000         91.0000         82.0000         90.0000         93.0000         99.0000         101.000         85.0000         108.000         141.000         105.000         97.0000         115.000         116.000         0.00000         0.00000         0.00000         0.00000         0.00000         0.00000         0.00000         0.00000         0.00000         0.00000         0.00000         0.00000         0.00000         0.00000  
  41         1309.55         0.00000         1.00000         0.00000         0.00000         2.00000         1.00000         0.00000         5.00000         5.00000         4.00000         7.00000         3.00000         3.00000         5.00000         10.0000         5.00000         17.0000         22.0000         29.0000         39.0000         41.0000         52.0000         51.0000         76.0000         97.0000         94.0000         110.000         99.0000         103.000         109.000         124.000         94.0000         121.000         148.000         107.000         131.000         142.000         0.00000         0.00000         0.00000         0.00000         0.00000         0.00000         0.00000         0.00000         0.00000         0.00000         0.00000         0.00000         0.00000         0.00000  
  42         1310.05         0.00000         0.00000         1.00000         0.00000         2.00000         0.00000         0.00000         1.00000         1.00000         2.00000         3.00000         3.00000         4.00000         2.00000         4.00000         6.00000         4.00000         9.00000         21.0000         24.0000         34.0000         36.0000         55.0000         51.0000         94.0000         96.0000         97.0000         102.000         108.000         101.000         109.000         111.000         126.000         132.000         130.000         112.000         114.000         0.00000         0.00000         0.00000         0.00000         0.00000         0.00000         0.00000         0.00000         0.00000         0.00000         0.00000         0.00000         0.00000         0.00000  
  43         1310.55         1.00000         1.00000         0.00000         1.00000         0.00000         2.00000         0.00000         0.00000         1.00000         2.00000         1.00000         3.00000         2.00000         2.00000         3.00000         2.00000         7.00000         4.00000         5.00000         12.0000         26.0000         31.0000         35.0000         43.0000         57.0000         96.0000         91.0000         96.0000         124.000         124.000         108.000         108.000         135.000         128.000         136.000         114.000         127.000         0.00000         0.00000         0.00000         0.00000         0.00000         0.00000         0.00000         0.00000         0.00000         0.00000         0.00000         0.00000         0.00000         0.00000  
  44         1311.05         1.00000         0.00000         2.00000         1.00000         1.00000         0.00000         0.00000         2.00000         1.00000         2.00000         0.00000         4.00000         3.00000         5.00000         5.00000         4.00000         2.00000         2.00000         5.00000         9.00000         9.00000         21.0000         22.0000         31.0000         50.0000         70.0000         86.0000         103.000         103.000         102.000         110.000         125.000         120.000         120.000         130.000         124.000         126.000         0.00000         0.00000         0.00000         0.00000         0.00000         0.00000         0.00000         0.00000         0.00000         0.00000         0.00000         0.00000         0.00000         0.00000  
  45         1311.55         1.00000         1.00000         1.00000         1.00000         1.00000         0.00000         0.00000         1.00000         2.00000         1.00000         0.00000         1.00000         1.00000         0.00000         1.00000         4.00000         2.00000         1.00000         4.00000         4.00000         5.00000         21.0000         14.0000         24.0000         36.0000         65.0000         67.0000         88.0000         76.0000         101.000         119.000         100.000         100.000         106.000         118.000         122.000         108.000         0.00000         0.00000         0.00000         0.00000         0.00000         0.00000         0.00000         0.00000         0.00000         0.00000         0.00000         0.00000         0.00000         0.00000  
  46         1312.05         2.00000         0.00000         1.00000         1.00000         0.00000         1.00000         0.00000         1.00000         1.00000         3.00000         1.00000         2.00000         1.00000         3.00000         3.00000         3.00000         1.00000         5.00000         2.00000         4.00000         4.00000         5.00000         5.00000         11.0000         33.0000         55.0000         59.0000         70.0000         80.0000         104.000         88.0000         104.000         118.000         133.000         113.000         113.000         128.000         0.00000         0.00000         0.00000         0.00000         0.00000         0.00000         0.00000         0.00000         0.00000         0.00000         0.00000         0.00000         0.00000         0.00000  
  47         1312.55         0.00000         0.00000         0.00000         0.00000         0.00000         0.00000         1.00000         1.00000         3.00000         1.00000         1.00000         1.00000         2.00000         3.00000         2.00000         3.00000         2.00000         3.00000         1.00000         1.00000         4.00000         3.00000         4.00000         12.0000         14.0000         42.0000         47.0000         64.0000         54.0000         78.0000         97.0000         75.0000         106.000         133.000         120.000         114.000         118.000         0.00000         0.00000         0.00000         0.00000         0.00000         0.00000         0.00000         0.00000         0.00000         0.00000         0.00000         0.00000         0.00000         0.00000  
  48         1313.05         1.00000         0.00000         2.00000         2.00000         0.00000         0.00000         0.00000         0.00000         1.00000         0.00000         0.00000         1.00000         0.00000         1.00000         1.00000         1.00000         4.00000         1.00000         3.00000         2.00000         2.00000         2.00000         6.00000         2.00000         9.00000         22.0000         34.0000         46.0000         58.0000         60.0000         84.0000         88.0000         119.000         93.0000         110.000         114.000         97.0000         0.00000         0.00000         0.00000         0.00000         0.00000         0.00000         0.00000         0.00000         0.00000         0.00000         0.00000         0.00000         0.00000         0.00000  
  49         1313.55         0.00000         1.00000         0.00000         2.00000         1.00000         1.00000         0.00000         1.00000         0.00000         2.00000         0.00000         3.00000         4.00000         1.00000         2.00000         1.00000         1.00000         1.00000         1.00000         4.00000         3.00000         2.00000         8.00000         5.00000         5.00000         7.00000         26.0000         31.0000         40.0000         56.0000         65.0000         64.0000         104.000         99.0000         96.0000         108.000         122.000         0.00000         0.00000         0.00000         0.00000         0.00000         0.00000         0.00000         0.00000         0.00000         0.00000         0.00000         0.00000         0.00000         0.00000  
  50         1314.05         0.00000         0.00000         0.00000         1.00000         0.00000         2.00000         0.00000         2.00000         0.00000         1.00000         0.00000         1.00000         1.00000         2.00000         0.00000         2.00000         2.00000         1.00000         0.00000         1.00000         2.00000         4.00000         7.00000         2.00000         2.00000         7.00000         14.0000         14.0000         41.0000         40.0000         48.0000         80.0000         80.0000         102.000         115.000         109.000         117.000         0.00000         0.00000         0.00000         0.00000         0.00000         0.00000         0.00000         0.00000         0.00000         0.00000         0.00000         0.00000         0.00000         0.00000  
  51         1314.55         0.00000         0.00000         0.00000         0.00000         1.00000         1.00000         0.00000         0.00000         1.00000         0.00000         0.00000         2.00000         1.00000         1.00000         4.00000         2.00000         2.00000         0.00000         3.00000         3.00000         0.00000         2.00000         2.00000         4.00000         3.00000         5.00000         9.00000         9.00000         27.0000         23.0000         59.0000         63.0000         68.0000         83.0000         67.0000         97.0000         96.0000         0.00000         0.00000         0.00000         0.00000         0.00000         0.00000         0.00000         0.00000         0.00000         0.00000         0.00000         0.00000         0.00000         0.00000  
