; FILE:  /home/2-iddf/data12c3/Alix_NWU/mda/2iddf_0012.mda
; Title:  Image#9 (2iddf:mca1.R2) - D9
; Scan # =       12 ,  Detector # =        9 ,   col=       51 ,   row=       51
;            Yvalue:        -1712.03        -1711.53        -1711.03        -1710.53        -1710.03        -1709.53        -1709.03        -1708.53        -1708.03        -1707.53        -1707.03        -1706.53        -1706.03        -1705.53        -1705.03        -1704.53        -1704.03        -1703.53        -1703.03        -1702.53        -1702.03        -1701.53        -1701.03        -1700.53        -1700.03        -1699.53        -1699.03        -1698.53        -1698.03        -1697.53        -1697.03        -1696.53        -1696.03        -1695.53        -1695.03        -1694.53        -1694.03         0.00000         0.00000         0.00000         0.00000         0.00000         0.00000         0.00000         0.00000         0.00000         0.00000         0.00000         0.00000         0.00000         0.00000 
;             Yindex               1               2               3               4               5               6               7               8               9              10              11              12              13              14              15              16              17              18              19              20              21              22              23              24              25              26              27              28              29              30              31              32              33              34              35              36              37              38              39              40              41              42              43              44              45              46              47              48              49              50              51 
; Xindex,    Xvalue,        Image(I,J) Array
   1         1289.55         0.00000         223.000         234.000         220.000         308.000         444.000         638.000         791.000         1024.00         1262.00         1597.00         1831.00         2084.00         2339.00         2551.00         2872.00         3386.00         3534.00         3642.00         3798.00         4157.00         4198.00         4232.00         4522.00         4649.00         4636.00         4814.00         5148.00         5533.00         6109.00         6335.00         6950.00         7274.00         8111.00         7901.00         8010.00         7760.00         0.00000         0.00000         0.00000         0.00000         0.00000         0.00000         0.00000         0.00000         0.00000         0.00000         0.00000         0.00000         0.00000         0.00000  
   2         1290.05         0.00000         233.000         252.000         319.000         388.000         531.000         778.000         1034.00         1317.00         1453.00         1918.00         2169.00         2430.00         2604.00         2975.00         3483.00         3663.00         3938.00         4172.00         4356.00         4464.00         4626.00         4936.00         4850.00         5017.00         4966.00         4827.00         5154.00         5523.00         6120.00         6580.00         6802.00         7229.00         7956.00         8193.00         8041.00         8148.00         0.00000         0.00000         0.00000         0.00000         0.00000         0.00000         0.00000         0.00000         0.00000         0.00000         0.00000         0.00000         0.00000         0.00000  
   3         1290.55         329.000         392.000         374.000         502.000         648.000         836.000         1117.00         1344.00         1758.00         1858.00         2229.00         2750.00         3039.00         3189.00         3648.00         4041.00         4321.00         4505.00         4762.00         4904.00         5124.00         5659.00         5786.00         5758.00         5526.00         5525.00         5180.00         5119.00         5730.00         6243.00         6720.00         6920.00         7324.00         8086.00         8192.00         8404.00         8369.00         0.00000         0.00000         0.00000         0.00000         0.00000         0.00000         0.00000         0.00000         0.00000         0.00000         0.00000         0.00000         0.00000         0.00000  
   4         1291.05         459.000         507.000         637.000         761.000         860.000         1199.00         1492.00         1807.00         2071.00         2379.00         2671.00         3300.00         3460.00         3777.00         4165.00         4624.00         4927.00         4953.00         5340.00         5501.00         5964.00         6233.00         6406.00         6214.00         6252.00         5869.00         5657.00         5701.00         5934.00         6330.00         6855.00         7266.00         7731.00         8247.00         8574.00         8594.00         8628.00         0.00000         0.00000         0.00000         0.00000         0.00000         0.00000         0.00000         0.00000         0.00000         0.00000         0.00000         0.00000         0.00000         0.00000  
   5         1291.55         600.000         665.000         744.000         1014.00         1194.00         1534.00         1825.00         2213.00         2609.00         3008.00         3445.00         3825.00         3869.00         4234.00         4663.00         5197.00         5403.00         5594.00         5839.00         5807.00         6395.00         6708.00         7039.00         6715.00         6749.00         6725.00         6441.00         6298.00         6582.00         6769.00         7150.00         7554.00         7811.00         8512.00         8661.00         8957.00         8782.00         0.00000         0.00000         0.00000         0.00000         0.00000         0.00000         0.00000         0.00000         0.00000         0.00000         0.00000         0.00000         0.00000         0.00000  
   6         1292.05         647.000         790.000         968.000         1173.00         1542.00         1923.00         2238.00         2589.00         3140.00         3429.00         3909.00         4397.00         4564.00         4831.00         5156.00         5844.00         6001.00         6131.00         6425.00         6604.00         6943.00         7446.00         7598.00         7396.00         7597.00         7531.00         6896.00         7001.00         7210.00         7440.00         7711.00         8051.00         8153.00         8838.00         8806.00         9093.00         8996.00         0.00000         0.00000         0.00000         0.00000         0.00000         0.00000         0.00000         0.00000         0.00000         0.00000         0.00000         0.00000         0.00000         0.00000  
   7         1292.55         665.000         834.000         999.000         1254.00         1747.00         2120.00         2675.00         3112.00         3641.00         4160.00         4595.00         5030.00         5057.00         5319.00         5640.00         6182.00         6569.00         6635.00         7060.00         7037.00         7545.00         8163.00         8103.00         7905.00         8003.00         7878.00         7714.00         7875.00         7818.00         8092.00         8196.00         8363.00         8645.00         9399.00         9268.00         9288.00         9349.00         0.00000         0.00000         0.00000         0.00000         0.00000         0.00000         0.00000         0.00000         0.00000         0.00000         0.00000         0.00000         0.00000         0.00000  
   8         1293.05         701.000         916.000         1159.00         1458.00         1924.00         2413.00         3038.00         3596.00         4070.00         4645.00         5155.00         5665.00         5604.00         5653.00         6195.00         6698.00         6765.00         7061.00         7399.00         7693.00         8077.00         8558.00         8613.00         8411.00         8504.00         8501.00         8123.00         8255.00         8072.00         8642.00         8667.00         8649.00         9014.00         9576.00         9475.00         9504.00         9506.00         0.00000         0.00000         0.00000         0.00000         0.00000         0.00000         0.00000         0.00000         0.00000         0.00000         0.00000         0.00000         0.00000         0.00000  
   9         1293.55         663.000         897.000         1242.00         1667.00         2174.00         2791.00         3416.00         4005.00         4570.00         5025.00         5511.00         5910.00         6168.00         6072.00         6618.00         6938.00         7355.00         7454.00         7816.00         7811.00         8162.00         8685.00         8918.00         8991.00         9105.00         9176.00         8559.00         8905.00         8776.00         8925.00         8990.00         9109.00         9523.00         9922.00         9716.00         9701.00         9740.00         0.00000         0.00000         0.00000         0.00000         0.00000         0.00000         0.00000         0.00000         0.00000         0.00000         0.00000         0.00000         0.00000         0.00000  
  10         1294.05         689.000         928.000         1294.00         1811.00         2349.00         3223.00         3712.00         4340.00         5056.00         5675.00         5888.00         6332.00         6503.00         6566.00         7079.00         7382.00         7658.00         7778.00         8241.00         8320.00         8725.00         9079.00         9322.00         9204.00         9694.00         9655.00         9099.00         9168.00         9183.00         9479.00         9590.00         9582.00         9740.00         10235.0         9876.00         9992.00         9906.00         0.00000         0.00000         0.00000         0.00000         0.00000         0.00000         0.00000         0.00000         0.00000         0.00000         0.00000         0.00000         0.00000         0.00000  
  11         1294.55         693.000         927.000         1305.00         1822.00         2523.00         3327.00         4001.00         4558.00         5298.00         5850.00         6490.00         6807.00         6945.00         6853.00         7362.00         7774.00         7906.00         8074.00         8623.00         8606.00         9207.00         9485.00         9404.00         9417.00         9801.00         9920.00         9586.00         9747.00         9744.00         9753.00         9936.00         9850.00         10103.0         10560.0         10209.0         10397.0         10075.0         0.00000         0.00000         0.00000         0.00000         0.00000         0.00000         0.00000         0.00000         0.00000         0.00000         0.00000         0.00000         0.00000         0.00000  
  12         1295.05         670.000         899.000         1301.00         1887.00         2545.00         3420.00         4083.00         4843.00         5463.00         6172.00         6516.00         7170.00         7122.00         7093.00         7418.00         8090.00         8021.00         8340.00         8622.00         8754.00         9445.00         9647.00         9766.00         9676.00         10163.0         10078.0         9726.00         9917.00         9959.00         10175.0         10108.0         10012.0         10533.0         10621.0         10459.0         10450.0         10410.0         0.00000         0.00000         0.00000         0.00000         0.00000         0.00000         0.00000         0.00000         0.00000         0.00000         0.00000         0.00000         0.00000         0.00000  
  13         1295.55         585.000         933.000         1299.00         1902.00         2664.00         3459.00         4192.00         4920.00         5629.00         6200.00         6786.00         7358.00         7390.00         7166.00         7973.00         8163.00         8304.00         8326.00         8941.00         9037.00         9431.00         9710.00         9922.00         10074.0         10157.0         10173.0         9830.00         10214.0         10179.0         10363.0         10387.0         10297.0         10374.0         11045.0         10623.0         10681.0         10649.0         0.00000         0.00000         0.00000         0.00000         0.00000         0.00000         0.00000         0.00000         0.00000         0.00000         0.00000         0.00000         0.00000         0.00000  
  14         1296.05         558.000         855.000         1363.00         1882.00         2539.00         3395.00         4202.00         5007.00         5738.00         6426.00         7116.00         7303.00         7411.00         7271.00         7864.00         8166.00         8527.00         8641.00         9147.00         9074.00         8679.00         9847.00         10002.0         10048.0         10470.0         10585.0         10145.0         10054.0         10067.0         10479.0         10495.0         10504.0         10950.0         11082.0         10846.0         10820.0         10755.0         0.00000         0.00000         0.00000         0.00000         0.00000         0.00000         0.00000         0.00000         0.00000         0.00000         0.00000         0.00000         0.00000         0.00000  
  15         1296.55         596.000         789.000         1160.00         1859.00         2453.00         3421.00         4148.00         4955.00         5850.00         6478.00         7049.00         7410.00         7483.00         7352.00         7857.00         8246.00         8488.00         8812.00         8917.00         9248.00         9386.00         9804.00         9878.00         9968.00         10423.0         10756.0         10325.0         10060.0         10078.0         10441.0         10446.0         10604.0         11164.0         11459.0         11118.0         11283.0         11079.0         0.00000         0.00000         0.00000         0.00000         0.00000         0.00000         0.00000         0.00000         0.00000         0.00000         0.00000         0.00000         0.00000         0.00000  
  16         1297.05         522.000         694.000         1128.00         1728.00         2490.00         3364.00         4224.00         4809.00         5675.00         6543.00         7019.00         7495.00         7465.00         7659.00         8058.00         8247.00         8514.00         8654.00         8786.00         8953.00         9311.00         9552.00         9932.00         9942.00         10500.0         10598.0         10264.0         10367.0         10408.0         10582.0         10703.0         10757.0         11529.0         11828.0         11127.0         11447.0         11059.0         0.00000         0.00000         0.00000         0.00000         0.00000         0.00000         0.00000         0.00000         0.00000         0.00000         0.00000         0.00000         0.00000         0.00000  
  17         1297.55         450.000         659.000         1020.00         1607.00         2358.00         3154.00         4089.00         4977.00         5736.00         6488.00         7122.00         7407.00         7307.00         7470.00         7949.00         8237.00         8657.00         8696.00         9005.00         9256.00         8353.00         9700.00         9966.00         10119.0         10379.0         10536.0         10386.0         10498.0         10269.0         10749.0         10795.0         10879.0         11281.0         11573.0         11177.0         11453.0         11104.0         0.00000         0.00000         0.00000         0.00000         0.00000         0.00000         0.00000         0.00000         0.00000         0.00000         0.00000         0.00000         0.00000         0.00000  
  18         1298.05         328.000         551.000         888.000         1522.00         2201.00         3023.00         3985.00         4860.00         5751.00         6595.00         7014.00         7315.00         7533.00         7665.00         7964.00         8503.00         8700.00         8668.00         9139.00         9217.00         9533.00         9705.00         9696.00         9944.00         10405.0         10559.0         10231.0         10448.0         10158.0         10797.0         10922.0         10894.0         11463.0         11872.0         11463.0         11447.0         11296.0         0.00000         0.00000         0.00000         0.00000         0.00000         0.00000         0.00000         0.00000         0.00000         0.00000         0.00000         0.00000         0.00000         0.00000  
  19         1298.55         242.000         414.000         720.000         1189.00         2071.00         2801.00         3733.00         4635.00         5527.00         6487.00         6837.00         7268.00         7427.00         7482.00         8133.00         8585.00         8577.00         8685.00         8802.00         9226.00         9500.00         9572.00         9662.00         9683.00         10407.0         10376.0         10139.0         10240.0         10407.0         10762.0         11013.0         11016.0         11495.0         11811.0         11633.0         11626.0         11271.0         0.00000         0.00000         0.00000         0.00000         0.00000         0.00000         0.00000         0.00000         0.00000         0.00000         0.00000         0.00000         0.00000         0.00000  
  20         1299.05         221.000         295.000         562.000         1156.00         1853.00         2716.00         3500.00         4401.00         5355.00         6413.00         7044.00         7393.00         7378.00         7472.00         7999.00         8301.00         8549.00         8743.00         8892.00         9131.00         9315.00         9517.00         9369.00         9646.00         10004.0         10259.0         10081.0         10483.0         10061.0         10727.0         10975.0         10922.0         11460.0         11761.0         11486.0         11668.0         11378.0         0.00000         0.00000         0.00000         0.00000         0.00000         0.00000         0.00000         0.00000         0.00000         0.00000         0.00000         0.00000         0.00000         0.00000  
  21         1299.55         200.000         268.000         411.000         860.000         1785.00         2483.00         3410.00         4320.00         5198.00         6257.00         6984.00         7342.00         7447.00         7348.00         8041.00         8315.00         8663.00         8641.00         9063.00         9202.00         9339.00         9580.00         9629.00         9665.00         10052.0         10175.0         10127.0         10384.0         10322.0         10499.0         11094.0         10822.0         11701.0         11803.0         11435.0         11733.0         11293.0         0.00000         0.00000         0.00000         0.00000         0.00000         0.00000         0.00000         0.00000         0.00000         0.00000         0.00000         0.00000         0.00000         0.00000  
  22         1300.05         183.000         189.000         341.000         662.000         1417.00         2408.00         3221.00         3918.00         4903.00         5963.00         6670.00         7255.00         7373.00         7500.00         7966.00         8274.00         8574.00         8563.00         8920.00         9104.00         9303.00         9456.00         9476.00         9605.00         9887.00         10016.0         10018.0         10099.0         10124.0         10563.0         10807.0         10637.0         11314.0         11392.0         11460.0         11483.0         11214.0         0.00000         0.00000         0.00000         0.00000         0.00000         0.00000         0.00000         0.00000         0.00000         0.00000         0.00000         0.00000         0.00000         0.00000  
  23         1300.55         182.000         214.000         293.000         478.000         1196.00         2077.00         2945.00         3651.00         4637.00         5730.00         6657.00         7311.00         7311.00         7636.00         8258.00         8324.00         8623.00         8713.00         8976.00         8881.00         9321.00         9197.00         9386.00         9454.00         9926.00         10061.0         9771.00         10135.0         10119.0         10471.0         10492.0         10698.0         11345.0         11394.0         10924.0         11206.0         11113.0         0.00000         0.00000         0.00000         0.00000         0.00000         0.00000         0.00000         0.00000         0.00000         0.00000         0.00000         0.00000         0.00000         0.00000  
  24         1301.05         144.000         154.000         238.000         346.000         827.000         1771.00         2539.00         3557.00         4555.00         5418.00         6365.00         7322.00         7356.00         7733.00         8056.00         8262.00         8496.00         8768.00         8831.00         9075.00         8973.00         9525.00         9362.00         9518.00         9875.00         10027.0         9682.00         9855.00         10095.0         10467.0         10406.0         10738.0         11195.0         11175.0         10947.0         10925.0         10632.0         0.00000         0.00000         0.00000         0.00000         0.00000         0.00000         0.00000         0.00000         0.00000         0.00000         0.00000         0.00000         0.00000         0.00000  
  25         1301.55         142.000         190.000         198.000         302.000         602.000         1421.00         2277.00         3186.00         4076.00         5106.00         5973.00         6944.00         7173.00         7308.00         8025.00         8111.00         8437.00         8604.00         8900.00         9092.00         9119.00         9144.00         9217.00         9265.00         9840.00         9882.00         9740.00         9998.00         10058.0         10362.0         10166.0         10315.0         10904.0         10905.0         10393.0         10810.0         10496.0         0.00000         0.00000         0.00000         0.00000         0.00000         0.00000         0.00000         0.00000         0.00000         0.00000         0.00000         0.00000         0.00000         0.00000  
  26         1302.05         128.000         180.000         172.000         238.000         400.000         1011.00         1833.00         2813.00         3589.00         4543.00         5610.00         6516.00         6942.00         7419.00         7983.00         8245.00         8550.00         8527.00         8931.00         9102.00         8979.00         9299.00         9181.00         9230.00         9752.00         9700.00         9693.00         9975.00         9822.00         10135.0         10286.0         10089.0         10660.0         10410.0         10209.0         10275.0         10067.0         0.00000         0.00000         0.00000         0.00000         0.00000         0.00000         0.00000         0.00000         0.00000         0.00000         0.00000         0.00000         0.00000         0.00000  
  27         1302.55         116.000         151.000         184.000         219.000         309.000         654.000         1394.00         2210.00         3187.00         4141.00         5070.00         5924.00         6692.00         7101.00         7746.00         7983.00         8424.00         8409.00         8877.00         8765.00         8912.00         9177.00         9004.00         9301.00         9540.00         9678.00         9451.00         9817.00         9853.00         10149.0         10144.0         9979.00         10411.0         10316.0         9821.00         9785.00         9745.00         0.00000         0.00000         0.00000         0.00000         0.00000         0.00000         0.00000         0.00000         0.00000         0.00000         0.00000         0.00000         0.00000         0.00000  
  28         1303.05         105.000         137.000         187.000         209.000         261.000         418.000         955.000         1782.00         2854.00         3714.00         4636.00         5484.00         6236.00         6908.00         7609.00         7904.00         8363.00         8364.00         8539.00         8717.00         9009.00         8154.00         8720.00         8928.00         9489.00         9511.00         9481.00         9938.00         9854.00         10053.0         10206.0         9797.00         10311.0         10163.0         9798.00         9377.00         9436.00         0.00000         0.00000         0.00000         0.00000         0.00000         0.00000         0.00000         0.00000         0.00000         0.00000         0.00000         0.00000         0.00000         0.00000  
  29         1303.55         90.0000         114.000         133.000         169.000         238.000         286.000         626.000         1216.00         2237.00         3176.00         4103.00         4890.00         5564.00         6461.00         7406.00         7717.00         8265.00         8183.00         8316.00         8453.00         8719.00         7755.00         8632.00         8657.00         9324.00         9226.00         9556.00         9689.00         9704.00         10024.0         10036.0         9900.00         10191.0         9941.00         9677.00         9370.00         9105.00         0.00000         0.00000         0.00000         0.00000         0.00000         0.00000         0.00000         0.00000         0.00000         0.00000         0.00000         0.00000         0.00000         0.00000  
  30         1304.05         100.000         109.000         161.000         161.000         205.000         256.000         395.000         800.000         1589.00         2573.00         3478.00         4195.00         4848.00         5855.00         6878.00         7349.00         7795.00         7903.00         8042.00         8139.00         8065.00         8227.00         8092.00         8247.00         9019.00         9188.00         9261.00         9480.00         9672.00         10037.0         10020.0         9740.00         10022.0         9807.00         9481.00         9461.00         9139.00         0.00000         0.00000         0.00000         0.00000         0.00000         0.00000         0.00000         0.00000         0.00000         0.00000         0.00000         0.00000         0.00000         0.00000  
  31         1304.55         78.0000         104.000         144.000         143.000         183.000         175.000         259.000         463.000         992.000         1826.00         2793.00         3621.00         4135.00         5028.00         5973.00         6573.00         7331.00         7250.00         7428.00         7542.00         7544.00         7596.00         7561.00         7679.00         8413.00         8682.00         8667.00         9152.00         9418.00         9566.00         9771.00         9478.00         9890.00         9725.00         9130.00         9191.00         9239.00         0.00000         0.00000         0.00000         0.00000         0.00000         0.00000         0.00000         0.00000         0.00000         0.00000         0.00000         0.00000         0.00000         0.00000  
  32         1305.05         73.0000         87.0000         78.0000         133.000         176.000         179.000         227.000         329.000         593.000         1332.00         2113.00         2954.00         3464.00         4454.00         5245.00         6000.00         6726.00         7029.00         7106.00         7196.00         7104.00         6303.00         6993.00         7145.00         7767.00         8282.00         8429.00         8610.00         8879.00         9073.00         9388.00         9353.00         9652.00         9661.00         9012.00         9160.00         8802.00         0.00000         0.00000         0.00000         0.00000         0.00000         0.00000         0.00000         0.00000         0.00000         0.00000         0.00000         0.00000         0.00000         0.00000  
  33         1305.55         69.0000         75.0000         109.000         122.000         158.000         174.000         216.000         273.000         336.000         771.000         1536.00         2253.00         3102.00         3712.00         4722.00         5212.00         5945.00         6458.00         6711.00         6615.00         6453.00         6542.00         6444.00         6601.00         7415.00         7573.00         7934.00         8237.00         8411.00         8813.00         8887.00         8888.00         9223.00         9234.00         8875.00         8736.00         8823.00         0.00000         0.00000         0.00000         0.00000         0.00000         0.00000         0.00000         0.00000         0.00000         0.00000         0.00000         0.00000         0.00000         0.00000  
  34         1306.05         48.0000         90.0000         68.0000         107.000         118.000         153.000         163.000         221.000         312.000         433.000         887.000         1675.00         2361.00         3198.00         3938.00         4391.00         5025.00         5730.00         6179.00         6257.00         6015.00         5986.00         6179.00         6257.00         6752.00         7028.00         7294.00         7658.00         7917.00         8162.00         8258.00         8589.00         8791.00         8786.00         8509.00         8473.00         8513.00         0.00000         0.00000         0.00000         0.00000         0.00000         0.00000         0.00000         0.00000         0.00000         0.00000         0.00000         0.00000         0.00000         0.00000  
  35         1306.55         57.0000         58.0000         62.0000         97.0000         127.000         127.000         155.000         180.000         246.000         270.000         462.000         1074.00         1840.00         2601.00         3282.00         3714.00         4436.00         4818.00         5492.00         5727.00         5675.00         5533.00         5484.00         5678.00         6335.00         6557.00         6942.00         6987.00         7152.00         7529.00         7577.00         7808.00         8302.00         8148.00         8103.00         8205.00         8210.00         0.00000         0.00000         0.00000         0.00000         0.00000         0.00000         0.00000         0.00000         0.00000         0.00000         0.00000         0.00000         0.00000         0.00000  
  36         1307.05         48.0000         37.0000         67.0000         82.0000         103.000         119.000         133.000         186.000         219.000         230.000         300.000         617.000         1231.00         2091.00         2614.00         3003.00         3539.00         4019.00         4590.00         4971.00         5244.00         5241.00         5230.00         5332.00         5952.00         5948.00         6127.00         6328.00         6502.00         6803.00         7005.00         7224.00         7544.00         7648.00         7635.00         7692.00         7900.00         0.00000         0.00000         0.00000         0.00000         0.00000         0.00000         0.00000         0.00000         0.00000         0.00000         0.00000         0.00000         0.00000         0.00000  
  37         1307.55         37.0000         41.0000         61.0000         71.0000         71.0000         90.0000         115.000         156.000         157.000         233.000         268.000         328.000         710.000         1372.00         2022.00         2275.00         2907.00         3220.00         3853.00         4317.00         4749.00         4899.00         5095.00         5134.00         5297.00         5676.00         5748.00         5742.00         6175.00         6130.00         6471.00         6463.00         6990.00         6982.00         7030.00         7136.00         7355.00         0.00000         0.00000         0.00000         0.00000         0.00000         0.00000         0.00000         0.00000         0.00000         0.00000         0.00000         0.00000         0.00000         0.00000  
  38         1308.05         36.0000         33.0000         49.0000         67.0000         86.0000         100.000         104.000         123.000         163.000         194.000         215.000         231.000         377.000         869.000         1366.00         1765.00         2271.00         2792.00         3159.00         3525.00         4063.00         4408.00         4675.00         4922.00         5310.00         5178.00         5264.00         5422.00         5673.00         5625.00         5799.00         6028.00         6322.00         6401.00         6447.00         6456.00         7027.00         0.00000         0.00000         0.00000         0.00000         0.00000         0.00000         0.00000         0.00000         0.00000         0.00000         0.00000         0.00000         0.00000         0.00000  
  39         1308.55         24.0000         26.0000         40.0000         58.0000         63.0000         75.0000         116.000         113.000         118.000         153.000         186.000         221.000         242.000         522.000         911.000         1359.00         1794.00         2173.00         2632.00         2876.00         3378.00         3624.00         4113.00         4648.00         5154.00         5093.00         5072.00         5318.00         5474.00         5479.00         5638.00         5703.00         6072.00         5996.00         6136.00         6176.00         6340.00         0.00000         0.00000         0.00000         0.00000         0.00000         0.00000         0.00000         0.00000         0.00000         0.00000         0.00000         0.00000         0.00000         0.00000  
  40         1309.05         28.0000         34.0000         47.0000         42.0000         53.0000         72.0000         79.0000         111.000         116.000         143.000         153.000         158.000         205.000         299.000         528.000         856.000         1314.00         1602.00         2053.00         2204.00         2756.00         3116.00         3376.00         4078.00         4951.00         5120.00         5002.00         5200.00         5341.00         5232.00         5304.00         5444.00         5808.00         5823.00         5712.00         5999.00         6409.00         0.00000         0.00000         0.00000         0.00000         0.00000         0.00000         0.00000         0.00000         0.00000         0.00000         0.00000         0.00000         0.00000         0.00000  
  41         1309.55         23.0000         29.0000         31.0000         40.0000         53.0000         44.0000         66.0000         89.0000         116.000         112.000         146.000         161.000         188.000         201.000         295.000         471.000         783.000         1148.00         1519.00         1766.00         2217.00         2617.00         2952.00         3549.00         4681.00         4981.00         5255.00         5170.00         5292.00         5333.00         5440.00         5409.00         5677.00         5833.00         5807.00         5963.00         6405.00         0.00000         0.00000         0.00000         0.00000         0.00000         0.00000         0.00000         0.00000         0.00000         0.00000         0.00000         0.00000         0.00000         0.00000  
  42         1310.05         20.0000         24.0000         31.0000         34.0000         50.0000         51.0000         63.0000         77.0000         101.000         95.0000         140.000         137.000         157.000         150.000         203.000         250.000         404.000         623.000         960.000         1242.00         1622.00         2033.00         2371.00         2970.00         4104.00         4851.00         5141.00         5214.00         5247.00         5398.00         5494.00         5709.00         5734.00         5950.00         5848.00         6033.00         6375.00         0.00000         0.00000         0.00000         0.00000         0.00000         0.00000         0.00000         0.00000         0.00000         0.00000         0.00000         0.00000         0.00000         0.00000  
  43         1310.55         17.0000         22.0000         33.0000         27.0000         49.0000         41.0000         62.0000         59.0000         77.0000         90.0000         116.000         121.000         145.000         154.000         177.000         178.000         250.000         316.000         506.000         802.000         1095.00         1473.00         1887.00         2425.00         3389.00         4138.00         4868.00         5259.00         5408.00         5460.00         5568.00         5567.00         6251.00         6242.00         6104.00         6292.00         6501.00         0.00000         0.00000         0.00000         0.00000         0.00000         0.00000         0.00000         0.00000         0.00000         0.00000         0.00000         0.00000         0.00000         0.00000  
  44         1311.05         21.0000         20.0000         29.0000         20.0000         37.0000         32.0000         27.0000         53.0000         71.0000         87.0000         99.0000         106.000         109.000         114.000         157.000         161.000         166.000         205.000         269.000         393.000         622.000         904.000         1143.00         1810.00         2868.00         3599.00         4228.00         4842.00         5140.00         5565.00         5911.00         5942.00         6330.00         6362.00         6405.00         6407.00         6806.00         0.00000         0.00000         0.00000         0.00000         0.00000         0.00000         0.00000         0.00000         0.00000         0.00000         0.00000         0.00000         0.00000         0.00000  
  45         1311.55         15.0000         26.0000         30.0000         32.0000         37.0000         32.0000         37.0000         45.0000         70.0000         72.0000         61.0000         78.0000         79.0000         108.000         113.000         128.000         163.000         192.000         197.000         258.000         316.000         438.000         783.000         1290.00         2174.00         2821.00         3609.00         4313.00         4932.00         5432.00         5806.00         6178.00         6421.00         6614.00         6567.00         6469.00         6915.00         0.00000         0.00000         0.00000         0.00000         0.00000         0.00000         0.00000         0.00000         0.00000         0.00000         0.00000         0.00000         0.00000         0.00000  
  46         1312.05         14.0000         11.0000         19.0000         18.0000         20.0000         34.0000         36.0000         44.0000         47.0000         59.0000         67.0000         85.0000         67.0000         97.0000         118.000         125.000         139.000         162.000         174.000         180.000         192.000         248.000         365.000         724.000         1477.00         2175.00         3075.00         3659.00         4414.00         5020.00         5553.00         5977.00         6511.00         6625.00         6596.00         6700.00         7140.00         0.00000         0.00000         0.00000         0.00000         0.00000         0.00000         0.00000         0.00000         0.00000         0.00000         0.00000         0.00000         0.00000         0.00000  
  47         1312.55         16.0000         19.0000         15.0000         20.0000         26.0000         24.0000         28.0000         43.0000         28.0000         39.0000         68.0000         62.0000         74.0000         68.0000         86.0000         88.0000         134.000         131.000         167.000         161.000         182.000         213.000         198.000         380.000         946.000         1668.00         2358.00         3076.00         3828.00         4596.00         4983.00         5781.00         6454.00         6711.00         6785.00         6909.00         7234.00         0.00000         0.00000         0.00000         0.00000         0.00000         0.00000         0.00000         0.00000         0.00000         0.00000         0.00000         0.00000         0.00000         0.00000  
  48         1313.05         6.00000         7.00000         12.0000         21.0000         21.0000         33.0000         31.0000         23.0000         36.0000         45.0000         34.0000         57.0000         60.0000         63.0000         76.0000         72.0000         96.0000         110.000         143.000         123.000         190.000         174.000         173.000         256.000         503.000         992.000         1698.00         2454.00         3149.00         3910.00         4375.00         5261.00         6088.00         6654.00         6628.00         7083.00         7271.00         0.00000         0.00000         0.00000         0.00000         0.00000         0.00000         0.00000         0.00000         0.00000         0.00000         0.00000         0.00000         0.00000         0.00000  
  49         1313.55         6.00000         11.0000         19.0000         16.0000         16.0000         17.0000         25.0000         21.0000         17.0000         41.0000         46.0000         57.0000         50.0000         48.0000         56.0000         89.0000         94.0000         109.000         111.000         141.000         143.000         163.000         173.000         192.000         282.000         504.000         1139.00         1759.00         2514.00         3249.00         3888.00         4666.00         5519.00         6137.00         6566.00         6838.00         7211.00         0.00000         0.00000         0.00000         0.00000         0.00000         0.00000         0.00000         0.00000         0.00000         0.00000         0.00000         0.00000         0.00000         0.00000  
  50         1314.05         4.00000         11.0000         12.0000         17.0000         18.0000         23.0000         28.0000         18.0000         23.0000         34.0000         35.0000         51.0000         43.0000         53.0000         52.0000         75.0000         77.0000         70.0000         90.0000         111.000         115.000         155.000         146.000         149.000         212.000         284.000         590.000         1222.00         1895.00         2548.00         3190.00         4126.00         4935.00         5456.00         6240.00         6558.00         6930.00         0.00000         0.00000         0.00000         0.00000         0.00000         0.00000         0.00000         0.00000         0.00000         0.00000         0.00000         0.00000         0.00000         0.00000  
  51         1314.55         11.0000         12.0000         6.00000         13.0000         13.0000         22.0000         19.0000         26.0000         34.0000         37.0000         25.0000         32.0000         45.0000         41.0000         59.0000         49.0000         66.0000         67.0000         124.000         103.000         117.000         113.000         124.000         168.000         194.000         240.000         314.000         751.000         1318.00         2009.00         2678.00         3589.00         4369.00         5033.00         5358.00         6176.00         6784.00         0.00000         0.00000         0.00000         0.00000         0.00000         0.00000         0.00000         0.00000         0.00000         0.00000         0.00000         0.00000         0.00000         0.00000  
