; FILE:  /home/2-iddf/data12c3/Alix_NWU/mda/2iddf_0012.mda
; Title:  Image#1 (SR Current) - D1
; Scan # =       12 ,  Detector # =        1 ,   col=       51 ,   row=       51
;            Yvalue:        -1712.03        -1711.53        -1711.03        -1710.53        -1710.03        -1709.53        -1709.03        -1708.53        -1708.03        -1707.53        -1707.03        -1706.53        -1706.03        -1705.53        -1705.03        -1704.53        -1704.03        -1703.53        -1703.03        -1702.53        -1702.03        -1701.53        -1701.03        -1700.53        -1700.03        -1699.53        -1699.03        -1698.53        -1698.03        -1697.53        -1697.03        -1696.53        -1696.03        -1695.53        -1695.03        -1694.53        -1694.03         0.00000         0.00000         0.00000         0.00000         0.00000         0.00000         0.00000         0.00000         0.00000         0.00000         0.00000         0.00000         0.00000         0.00000 
;             Yindex               1               2               3               4               5               6               7               8               9              10              11              12              13              14              15              16              17              18              19              20              21              22              23              24              25              26              27              28              29              30              31              32              33              34              35              36              37              38              39              40              41              42              43              44              45              46              47              48              49              50              51 
; Xindex,    Xvalue,        Image(I,J) Array
   1         1289.55         101.908         102.042         101.922         102.056         101.947         102.072         101.965         102.083         102.229         101.869         101.996         101.886         101.994         101.621         101.744         101.638         101.525         101.642         101.524         101.902         101.757         101.630         101.521         101.413         101.560         101.418         101.541         101.420         101.821         101.698         101.827         102.211         102.088         102.202         101.843         101.969         101.846         0.00000         0.00000         0.00000         0.00000         0.00000         0.00000         0.00000         0.00000         0.00000         0.00000         0.00000         0.00000         0.00000         0.00000  
   2         1290.05         101.898         102.038         101.916         102.054         101.946         102.071         101.954         102.074         102.214         101.865         101.991         101.872         101.986         101.619         101.731         101.625         101.516         101.637         101.515         101.893         101.751         101.623         101.516         101.403         101.550         101.407         101.535         101.411         101.810         101.685         101.822         102.201         102.079         102.190         101.835         101.959         101.842         0.00000         0.00000         0.00000         0.00000         0.00000         0.00000         0.00000         0.00000         0.00000         0.00000         0.00000         0.00000         0.00000         0.00000  
   3         1290.55         101.893         102.032         101.905         102.041         101.932         102.058         102.189         102.065         102.207         101.856         101.980         101.870         101.979         101.610         101.727         101.620         101.503         101.627         101.508         101.889         101.742         101.615         101.509         101.393         101.534         101.396         101.527         101.405         101.801         101.676         101.815         102.192         102.067         102.189         101.826         101.956         101.833         0.00000         0.00000         0.00000         0.00000         0.00000         0.00000         0.00000         0.00000         0.00000         0.00000         0.00000         0.00000         0.00000         0.00000  
   4         1291.05         101.886         102.025         101.899         102.036         101.926         102.054         102.179         102.062         102.201         101.848         101.977         101.857         101.970         101.845         101.714         101.610         101.500         101.619         101.502         101.874         101.729         101.607         101.500         101.386         101.532         101.393         101.518         101.399         101.794         101.672         101.803         102.191         102.061         102.179         101.820         101.946         101.825         0.00000         0.00000         0.00000         0.00000         0.00000         0.00000         0.00000         0.00000         0.00000         0.00000         0.00000         0.00000         0.00000         0.00000  
   5         1291.55         101.877         102.017         101.893         102.030         101.920         102.045         102.174         102.052         102.197         101.842         101.967         101.852         101.963         101.834         101.709         101.604         101.493         101.611         101.496         101.870         101.721         101.605         101.494         101.378         101.526         101.391         101.518         101.393         101.783         101.917         101.795         102.185         102.057         102.171         101.814         101.937         102.070         0.00000         0.00000         0.00000         0.00000         0.00000         0.00000         0.00000         0.00000         0.00000         0.00000         0.00000         0.00000         0.00000         0.00000  
   6         1292.05         101.867         102.005         101.881         102.021         102.160         102.041         102.158         102.047         102.186         101.833         101.959         101.843         101.956         101.828         101.700         101.593         101.483         101.600         101.493         101.861         101.955         101.594         101.487         101.374         101.518         101.381         101.503         101.383         101.784         101.905         101.790         102.178         102.050         102.163         101.807         101.933         102.058         0.00000         0.00000         0.00000         0.00000         0.00000         0.00000         0.00000         0.00000         0.00000         0.00000         0.00000         0.00000         0.00000         0.00000  
   7         1292.55         101.863         101.996         101.873         102.009         102.154         102.027         102.156         102.036         102.178         101.825         101.950         101.836         101.945         101.820         101.688         101.588         101.474         101.591         101.481         101.855         101.947         101.584         101.481         101.361         101.506         101.378         101.495         101.381         101.774         101.904         101.782         102.170         102.041         102.156         101.797         101.925         102.055         0.00000         0.00000         0.00000         0.00000         0.00000         0.00000         0.00000         0.00000         0.00000         0.00000         0.00000         0.00000         0.00000         0.00000  
   8         1293.05         101.852         101.989         101.868         102.005         102.139         102.026         102.157         102.030         102.171         101.822         101.946         101.835         101.939         101.813         101.685         101.582         101.474         101.589         101.479         101.845         101.945         101.582         101.474         101.357         101.503         101.373         101.492         101.370         101.769         101.898         101.776         102.164         102.033         102.150         101.791         101.924         102.045         0.00000         0.00000         0.00000         0.00000         0.00000         0.00000         0.00000         0.00000         0.00000         0.00000         0.00000         0.00000         0.00000         0.00000  
   9         1293.55         101.847         101.988         102.094         102.002         102.135         102.017         102.150         102.027         102.167         101.820         101.935         101.823         101.933         101.806         101.679         101.575         101.464         101.577         101.478         101.840         101.938         101.571         101.470         101.354         101.497         101.363         101.487         101.367         101.763         101.886         101.769         102.155         102.029         102.144         101.783         101.906         102.035         0.00000         0.00000         0.00000         0.00000         0.00000         0.00000         0.00000         0.00000         0.00000         0.00000         0.00000         0.00000         0.00000         0.00000  
  10         1294.05         101.839         101.979         102.089         101.991         102.128         102.007         102.141         102.016         102.159         101.811         101.925         102.062         101.925         101.796         101.673         101.571         101.456         101.568         101.966         101.834         101.927         101.563         101.460         101.344         101.493         101.355         101.476         101.596         101.753         101.878         101.758         102.149         102.016         102.137         102.023         101.904         102.028         0.00000         0.00000         0.00000         0.00000         0.00000         0.00000         0.00000         0.00000         0.00000         0.00000         0.00000         0.00000         0.00000         0.00000  
  11         1294.55         101.832         101.970         102.080         101.987         102.127         102.003         102.140         102.011         102.150         101.800         101.922         102.051         101.916         101.790         101.666         101.562         101.449         101.563         101.960         101.829         101.916         101.561         101.452         101.342         101.483         101.346         101.471         101.590         101.746         101.876         101.756         102.139         102.010         102.130         102.018         101.898         102.023         0.00000         0.00000         0.00000         0.00000         0.00000         0.00000         0.00000         0.00000         0.00000         0.00000         0.00000         0.00000         0.00000         0.00000  
  12         1295.05         101.832         101.971         102.073         101.980         102.117         101.997         102.135         102.003         102.144         101.796         101.916         102.046         101.910         101.786         101.662         101.554         101.440         101.561         101.949         101.822         101.912         101.554         101.447         101.329         101.474         101.340         101.467         101.587         101.738         101.863         101.751         102.132         102.006         102.126         102.006         101.892         102.019         0.00000         0.00000         0.00000         0.00000         0.00000         0.00000         0.00000         0.00000         0.00000         0.00000         0.00000         0.00000         0.00000         0.00000  
  13         1295.55         102.069         101.959         102.068         101.974         102.110         101.990         102.124         101.996         102.138         102.043         101.903         102.034         101.908         101.772         101.655         101.545         101.435         101.548         101.942         101.811         101.904         101.549         101.442         101.325         101.467         101.326         101.456         101.580         101.734         101.861         101.740         102.126         102.002         102.116         101.999         101.885         102.012         0.00000         0.00000         0.00000         0.00000         0.00000         0.00000         0.00000         0.00000         0.00000         0.00000         0.00000         0.00000         0.00000         0.00000  
  14         1296.05         102.063         101.953         102.056         101.966         102.100         101.984         102.110         101.988         102.133         102.027         101.899         102.023         101.894         101.773         101.647         101.536         101.671         101.543         101.926         101.805         101.897         101.535         101.432         101.316         101.459         101.570         101.448         101.564         101.726         101.853         101.736         102.114         102.234         102.110         101.989         101.870         101.998         0.00000         0.00000         0.00000         0.00000         0.00000         0.00000         0.00000         0.00000         0.00000         0.00000         0.00000         0.00000         0.00000         0.00000  
  15         1296.55         102.059         101.945         102.052         101.959         102.095         101.977         102.109         101.984         102.121         102.021         101.896         102.024         101.892         101.761         101.638         101.538         101.669         101.541         101.924         101.799         101.890         101.531         101.423         101.313         101.456         101.567         101.442         101.563         101.717         101.846         101.726         102.110         102.227         102.104         101.991         101.870         101.996         0.00000         0.00000         0.00000         0.00000         0.00000         0.00000         0.00000         0.00000         0.00000         0.00000         0.00000         0.00000         0.00000         0.00000  
  16         1297.05         102.051         101.933         102.050         101.956         102.093         101.970         102.101         101.980         102.117         102.013         101.888         102.011         101.886         101.754         101.629         101.526         101.656         101.528         101.916         101.788         101.886         101.529         101.418         101.300         101.441         101.557         101.438         101.552         101.711         101.840         101.716         102.102         102.214         102.094         101.981         101.861         101.989         0.00000         0.00000         0.00000         0.00000         0.00000         0.00000         0.00000         0.00000         0.00000         0.00000         0.00000         0.00000         0.00000         0.00000  
  17         1297.55         102.043         101.933         102.037         101.952         102.084         101.958         102.092         102.221         102.113         102.007         101.879         102.008         101.873         101.749         101.621         101.516         101.650         101.524         101.912         101.782         101.880         101.518         101.411         101.298         101.434         101.548         101.426         101.548         101.699         101.835         101.713         102.098         102.209         102.089         101.968         101.857         101.984         0.00000         0.00000         0.00000         0.00000         0.00000         0.00000         0.00000         0.00000         0.00000         0.00000         0.00000         0.00000         0.00000         0.00000  
  18         1298.05         102.035         101.923         102.034         101.941         102.078         101.955         102.087         102.212         102.108         102.001         101.873         102.002         101.867         101.741         101.616         101.511         101.647         101.510         101.901         101.771         101.869         101.512         101.407         101.289         101.431         101.540         101.422         101.540         101.696         101.828         101.705         102.090         102.202         102.084         101.969         101.848         101.974         0.00000         0.00000         0.00000         0.00000         0.00000         0.00000         0.00000         0.00000         0.00000         0.00000         0.00000         0.00000         0.00000         0.00000  
  19         1298.55         102.031         101.912         102.030         101.937         102.067         101.952         102.083         102.208         102.103         101.995         101.868         101.994         101.865         101.737         101.612         101.509         101.644         101.507         101.902         101.764         101.867         101.502         101.405         101.280         101.422         101.536         101.415         101.535         101.690         101.820         101.939         102.087         102.194         102.077         101.961         101.843         101.968         0.00000         0.00000         0.00000         0.00000         0.00000         0.00000         0.00000         0.00000         0.00000         0.00000         0.00000         0.00000         0.00000         0.00000  
  20         1299.05         102.024         101.911         102.022         101.934         102.065         101.942         102.074         102.205         102.095         101.988         101.863         101.989         101.860         101.729         101.604         101.500         101.632         101.497         101.894         101.755         101.860         101.497         101.397         101.275         101.416         101.529         101.408         101.528         101.684         101.812         101.935         102.078         102.191         102.077         101.958         101.837         101.963         0.00000         0.00000         0.00000         0.00000         0.00000         0.00000         0.00000         0.00000         0.00000         0.00000         0.00000         0.00000         0.00000         0.00000  
  21         1299.55         102.023         101.905         102.016         101.922         102.057         102.181         102.066         102.197         102.089         101.981         101.859         101.979         101.848         101.726         101.602         101.496         101.629         101.497         101.888         101.755         101.852         101.698         101.390         101.269         101.412         101.521         101.400         101.520         101.676         101.808         101.932         102.074         102.182         102.065         101.946         101.831         101.954         0.00000         0.00000         0.00000         0.00000         0.00000         0.00000         0.00000         0.00000         0.00000         0.00000         0.00000         0.00000         0.00000         0.00000  
  22         1300.05         102.015         101.900         102.013         101.923         102.055         102.172         102.061         102.189         102.083         101.978         101.852         101.977         101.843         101.715         101.593         101.484         101.624         101.487         101.877         101.749         101.846         101.738         101.379         101.262         101.403         101.513         101.397         101.516         101.666         101.796         101.925         102.069         102.178         102.054         101.942         101.825         101.954         0.00000         0.00000         0.00000         0.00000         0.00000         0.00000         0.00000         0.00000         0.00000         0.00000         0.00000         0.00000         0.00000         0.00000  
  23         1300.55         102.009         101.897         101.999         101.917         102.045         102.170         102.053         102.185         102.078         101.970         101.847         101.967         101.838         101.711         101.583         101.481         101.617         101.480         101.873         101.738         101.840         101.729         101.376         101.254         101.393         101.507         101.387         101.510         101.663         101.793         101.917         102.060         102.169         102.048         101.934         101.815         101.945         0.00000         0.00000         0.00000         0.00000         0.00000         0.00000         0.00000         0.00000         0.00000         0.00000         0.00000         0.00000         0.00000         0.00000  
  24         1301.05         102.002         101.889         101.995         101.909         102.037         102.162         102.047         102.179         102.069         101.964         101.837         101.961         101.835         101.704         101.577         101.475         101.604         101.471         101.864         101.731         101.830         101.724         101.368         101.248         101.386         101.498         101.380         101.499         101.898         101.788         101.907         102.054         102.161         102.042         101.923         102.051         101.935         0.00000         0.00000         0.00000         0.00000         0.00000         0.00000         0.00000         0.00000         0.00000         0.00000         0.00000         0.00000         0.00000         0.00000  
  25         1301.55         101.991         101.881         101.992         102.145         102.033         102.151         102.038         102.161         102.060         101.951         101.828         101.952         101.819         101.696         101.567         101.466         101.599         101.464         101.857         101.952         101.826         101.708         101.357         101.241         101.379         101.494         101.371         101.493         101.893         101.777         101.902         102.046         102.151         102.035         101.921         102.045         101.924         0.00000         0.00000         0.00000         0.00000         0.00000         0.00000         0.00000         0.00000         0.00000         0.00000         0.00000         0.00000         0.00000         0.00000  
  26         1302.05         101.985         101.875         101.980         102.139         102.027         102.146         102.028         102.160         102.055         101.946         101.825         101.949         101.816         101.691         101.561         101.456         101.587         101.455         101.852         101.944         101.814         101.702         101.350         101.231         101.373         101.481         101.365         101.486         101.885         101.767         101.895         102.038         102.144         102.029         101.906         102.036         101.921         0.00000         0.00000         0.00000         0.00000         0.00000         0.00000         0.00000         0.00000         0.00000         0.00000         0.00000         0.00000         0.00000         0.00000  
  27         1302.55         101.979         101.867         101.982         102.130         102.015         102.140         102.025         102.153         102.048         101.942         101.820         101.938         101.814         101.684         101.559         101.450         101.582         101.454         101.846         101.941         101.812         101.698         101.344         101.227         101.367         101.477         101.360         101.486         101.880         101.759         101.889         102.030         102.143         102.020         101.904         102.025         101.917         0.00000         0.00000         0.00000         0.00000         0.00000         0.00000         0.00000         0.00000         0.00000         0.00000         0.00000         0.00000         0.00000         0.00000  
  28         1303.05         101.974         102.095         101.967         102.120         102.010         102.134         102.017         102.143         102.045         101.928         101.809         101.932         101.798         101.675         101.548         101.444         101.577         101.689         101.838         101.933         101.805         101.689         101.332         101.218         101.357         101.469         101.594         101.471         101.867         101.759         101.886         102.020         102.131         102.016         101.901         102.021         101.909         0.00000         0.00000         0.00000         0.00000         0.00000         0.00000         0.00000         0.00000         0.00000         0.00000         0.00000         0.00000         0.00000         0.00000  
  29         1303.55         101.970         102.086         101.964         102.116         102.003         102.125         102.007         102.137         102.036         101.926         102.042         101.922         101.790         101.666         101.539         101.434         101.568         101.684         101.828         101.921         101.795         101.683         101.328         101.207         101.349         101.464         101.583         101.463         101.861         101.748         101.875         102.013         102.121         102.007         101.890         102.013         101.900         0.00000         0.00000         0.00000         0.00000         0.00000         0.00000         0.00000         0.00000         0.00000         0.00000         0.00000         0.00000         0.00000         0.00000  
  30         1304.05         101.956         102.084         101.958         102.109         101.998         102.122         102.003         102.129         102.032         101.916         102.035         101.919         101.783         101.659         101.536         101.426         101.562         101.681         101.824         101.916         101.791         101.680         101.321         101.202         101.341         101.458         101.577         101.455         101.853         101.741         101.868         102.004         102.117         102.003         101.886         102.008         101.889         0.00000         0.00000         0.00000         0.00000         0.00000         0.00000         0.00000         0.00000         0.00000         0.00000         0.00000         0.00000         0.00000         0.00000  
  31         1304.55         101.957         102.078         101.952         102.102         101.991         102.113         101.999         102.124         102.023         101.912         102.032         101.913         101.781         101.662         101.528         101.419         101.554         101.675         101.813         101.912         101.781         101.672         101.317         101.199         101.334         101.451         101.573         101.451         101.851         101.734         101.861         101.999         102.109         101.995         101.879         102.003         101.888         0.00000         0.00000         0.00000         0.00000         0.00000         0.00000         0.00000         0.00000         0.00000         0.00000         0.00000         0.00000         0.00000         0.00000  
  32         1305.05         101.952         102.071         101.946         102.097         101.983         102.114         101.987         102.122         102.020         101.911         102.025         101.912         101.780         101.648         101.526         101.414         101.550         101.666         101.806         101.908         101.775         101.667         101.310         101.189         101.328         101.448         101.564         101.442         101.845         101.731         101.856         101.993         102.105         101.983         101.874         101.997         101.878         0.00000         0.00000         0.00000         0.00000         0.00000         0.00000         0.00000         0.00000         0.00000         0.00000         0.00000         0.00000         0.00000         0.00000  
  33         1305.55         101.941         102.060         101.938         102.093         101.975         102.102         101.983         102.110         102.011         101.899         102.019         101.901         101.769         101.640         101.518         101.411         101.542         101.663         101.799         101.897         101.768         101.661         101.302         101.187         101.563         101.439         101.562         101.438         101.835         101.719         101.850         101.983         102.096         101.986         101.861         101.982         101.873         0.00000         0.00000         0.00000         0.00000         0.00000         0.00000         0.00000         0.00000         0.00000         0.00000         0.00000         0.00000         0.00000         0.00000  
  34         1306.05         101.934         102.058         101.932         102.084         101.971         102.097         101.979         102.110         102.005         101.891         102.011         101.895         101.759         101.636         101.509         101.667         101.539         101.655         101.793         101.890         101.763         101.653         101.298         101.180         101.554         101.429         101.555         101.437         101.833         101.708         101.846         102.221         102.090         101.974         101.857         101.985         101.866         0.00000         0.00000         0.00000         0.00000         0.00000         0.00000         0.00000         0.00000         0.00000         0.00000         0.00000         0.00000         0.00000         0.00000  
  35         1306.55         101.930         102.054         101.927         102.082         101.962         102.094         101.968         102.100         101.996         101.891         102.007         101.887         101.759         101.629         101.506         101.658         101.530         101.648         101.788         101.889         101.755         101.650         101.292         101.176         101.549         101.428         101.549         101.428         101.829         101.707         101.838         102.215         102.084         101.967         101.849         101.974         101.855         0.00000         0.00000         0.00000         0.00000         0.00000         0.00000         0.00000         0.00000         0.00000         0.00000         0.00000         0.00000         0.00000         0.00000  
  36         1307.05         101.921         102.040         101.923         102.071         101.959         102.084         101.963         102.094         101.992         101.884         101.999         101.884         101.755         101.627         101.499         101.648         101.522         101.641         101.784         101.878         101.755         101.647         101.285         101.170         101.542         101.420         101.543         101.423         101.820         101.700         101.835         102.208         102.078         101.964         101.847         101.969         101.851         0.00000         0.00000         0.00000         0.00000         0.00000         0.00000         0.00000         0.00000         0.00000         0.00000         0.00000         0.00000         0.00000         0.00000  
  37         1307.55         101.916         102.039         101.915         102.067         101.951         102.077         102.200         102.089         101.985         101.879         101.997         101.875         101.747         101.623         101.490         101.642         101.524         101.639         101.781         101.870         101.744         101.637         101.279         101.163         101.536         101.413         101.536         101.414         101.816         101.698         101.826         102.201         102.076         101.959         101.839         101.963         101.847         0.00000         0.00000         0.00000         0.00000         0.00000         0.00000         0.00000         0.00000         0.00000         0.00000         0.00000         0.00000         0.00000         0.00000  
  38         1308.05         101.908         102.029         101.912         102.059         101.945         102.073         102.192         102.089         101.979         101.867         101.990         101.869         101.742         101.612         101.486         101.636         101.515         101.630         101.772         101.867         101.744         101.633         101.514         101.159         101.533         101.408         101.530         101.409         101.808         101.692         101.820         102.198         102.067         101.955         101.834         101.966         101.839         0.00000         0.00000         0.00000         0.00000         0.00000         0.00000         0.00000         0.00000         0.00000         0.00000         0.00000         0.00000         0.00000         0.00000  
  39         1308.55         101.904         102.022         101.902         102.053         101.938         102.063         102.182         102.074         101.972         101.860         101.986         101.864         101.734         101.841         101.483         101.627         101.504         101.624         101.764         101.856         101.728         101.626         101.504         101.147         101.522         101.397         101.521         101.402         101.797         101.929         101.813         102.188         102.061         101.944         101.826         101.951         102.069         0.00000         0.00000         0.00000         0.00000         0.00000         0.00000         0.00000         0.00000         0.00000         0.00000         0.00000         0.00000         0.00000         0.00000  
  40         1309.05         101.895         102.019         101.898         102.047         101.934         102.055         102.173         102.065         101.964         101.856         101.982         101.856         101.728         101.835         101.478         101.623         101.496         101.620         101.756         101.852         101.727         101.615         101.501         101.144         101.518         101.397         101.516         101.397         101.793         101.924         101.805         102.183         102.057         101.938         101.821         101.948         102.066         0.00000         0.00000         0.00000         0.00000         0.00000         0.00000         0.00000         0.00000         0.00000         0.00000         0.00000         0.00000         0.00000         0.00000  
  41         1309.55         101.888         102.006         101.892         102.038         102.165         102.050         102.169         102.063         101.955         101.851         101.971         101.847         101.719         101.832         101.467         101.613         101.490         101.608         101.751         101.841         101.714         101.613         101.491         101.139         101.509         101.383         101.510         101.389         101.788         101.920         101.796         102.173         102.047         101.930         101.813         101.935         102.053         0.00000         0.00000         0.00000         0.00000         0.00000         0.00000         0.00000         0.00000         0.00000         0.00000         0.00000         0.00000         0.00000         0.00000  
  42         1310.05         101.879         102.000         101.881         102.033         102.156         102.043         102.165         102.054         101.948         101.840         101.962         101.840         101.707         101.821         101.460         101.603         101.479         101.603         101.741         101.835         101.710         101.605         101.482         101.123         101.507         101.381         101.499         101.379         101.776         101.908         101.789         102.170         102.038         101.922         101.803         101.930         102.044         0.00000         0.00000         0.00000         0.00000         0.00000         0.00000         0.00000         0.00000         0.00000         0.00000         0.00000         0.00000         0.00000         0.00000  
  43         1310.55         101.875         101.997         102.017         102.024         102.152         102.036         102.154         102.045         101.943         101.833         101.959         101.900         101.702         101.809         101.451         101.598         101.473         101.596         101.733         101.828         101.703         101.592         101.477         101.118         101.491         101.371         101.492         101.908         101.769         101.904         101.784         102.162         102.031         101.915         102.046         101.923         102.041         0.00000         0.00000         0.00000         0.00000         0.00000         0.00000         0.00000         0.00000         0.00000         0.00000         0.00000         0.00000         0.00000         0.00000  
  44         1311.05         101.870         101.985         102.126         102.013         102.141         102.032         102.150         102.038         101.935         101.824         101.946         102.058         101.691         101.802         101.443         101.592         101.464         101.594         101.962         101.818         101.694         101.586         101.466         101.112         101.490         101.359         101.481         101.889         101.763         101.894         101.773         102.151         102.023         101.911         102.035         101.915         102.027         0.00000         0.00000         0.00000         0.00000         0.00000         0.00000         0.00000         0.00000         0.00000         0.00000         0.00000         0.00000         0.00000         0.00000  
  45         1311.55         101.861         101.979         102.118         102.011         102.133         102.017         102.143         102.028         101.928         101.818         101.943         102.047         101.686         101.793         101.438         101.584         101.459         101.581         101.960         101.812         101.685         101.575         101.460         101.104         101.474         101.356         101.474         101.874         101.751         101.883         101.768         102.142         102.017         101.899         102.025         101.903         102.019         0.00000         0.00000         0.00000         0.00000         0.00000         0.00000         0.00000         0.00000         0.00000         0.00000         0.00000         0.00000         0.00000         0.00000  
  46         1312.05         101.854         101.971         102.109         102.004         102.126         102.017         102.130         102.020         101.922         101.807         101.931         102.040         101.677         101.790         101.429         101.576         101.452         101.573         101.953         101.805         101.682         101.570         101.454         101.096         101.465         101.348         101.468         101.874         101.747         101.872         101.765         102.135         102.009         101.892         102.021         101.897         102.014         0.00000         0.00000         0.00000         0.00000         0.00000         0.00000         0.00000         0.00000         0.00000         0.00000         0.00000         0.00000         0.00000         0.00000  
  47         1312.55         102.097         101.965         102.102         101.993         102.115         102.006         102.128         102.012         101.909         102.037         101.922         102.030         101.669         101.780         101.419         101.569         101.443         101.563         101.945         101.797         101.673         101.562         101.447         101.091         101.461         101.559         101.464         101.860         101.739         101.873         101.752         102.127         102.241         101.885         102.011         101.892         102.005         0.00000         0.00000         0.00000         0.00000         0.00000         0.00000         0.00000         0.00000         0.00000         0.00000         0.00000         0.00000         0.00000         0.00000  
  48         1313.05         102.085         101.957         102.098         101.987         102.108         102.004         102.121         102.000         101.904         102.032         101.917         102.027         101.657         101.771         101.415         101.560         101.677         101.561         101.939         101.793         101.668         101.560         101.442         101.087         101.458         101.584         101.460         101.853         101.737         101.865         101.744         102.122         102.235         101.878         102.008         101.886         102.003         0.00000         0.00000         0.00000         0.00000         0.00000         0.00000         0.00000         0.00000         0.00000         0.00000         0.00000         0.00000         0.00000         0.00000  
  49         1313.55         102.074         101.952         102.092         101.979         102.102         101.990         102.110         101.998         101.898         102.020         101.913         102.016         101.657         101.769         101.409         101.557         101.673         101.555         101.929         101.784         101.659         101.547         101.434         101.080         101.448         101.575         101.447         101.850         101.719         101.857         101.736         102.113         102.230         101.874         101.996         101.879         101.997         0.00000         0.00000         0.00000         0.00000         0.00000         0.00000         0.00000         0.00000         0.00000         0.00000         0.00000         0.00000         0.00000         0.00000  
  50         1314.05         102.071         101.942         102.084         101.972         102.101         101.982         102.105         102.177         101.897         102.017         101.907         102.011         101.649         101.767         101.401         101.552         101.664         101.548         101.925         101.774         101.652         101.545         101.428         101.072         101.441         101.570         101.442         101.840         101.717         101.850         101.734         102.112         102.224         101.867         101.992         101.874         101.987         0.00000         0.00000         0.00000         0.00000         0.00000         0.00000         0.00000         0.00000         0.00000         0.00000         0.00000         0.00000         0.00000         0.00000  
  51         1314.55         102.064         101.943         102.080         101.970         102.093         101.976         102.098         102.238         101.891         102.013         101.903         102.004         101.645         101.758         101.391         101.539         101.659         101.540         101.916         101.769         101.644         101.537         101.424         101.069         101.431         101.557         101.440         101.835         101.710         101.846         101.726         102.102         102.217         101.859         101.986         101.867         101.974         0.00000         0.00000         0.00000         0.00000         0.00000         0.00000         0.00000         0.00000         0.00000         0.00000         0.00000         0.00000         0.00000         0.00000  
